<USER_REQUEST>
<svg width="1152" height="306" viewBox="0 0 1152 306" fill="none" xmlns="http://www.w3.org/2000/svg">
<path d="M233 46C233 38.268 239.268 32 247 32C254.732 32 261 38.268 261 46C261 53.732 254.732 60 247 60C239.268 60 233 53.732 233 46Z" fill="#F5F0EA"/>
<path d="M247.718 44.8652C247.718 45.485 247.69 45.9476 247.636 46.2529C247.572 46.6403 247.426 47.0778 247.198 47.5654C246.861 48.29 246.446 48.8278 245.954 49.1787C245.571 49.4476 245.109 49.582 244.566 49.582C243.883 49.582 243.272 49.377 242.734 48.9668C242.342 48.6706 242.014 48.2285 241.75 47.6406C241.445 46.9479 241.292 46.1117 241.292 45.1318C241.292 43.6826 241.572 42.4886 242.133 41.5498C242.379 41.1351 242.732 40.807 243.192 40.5654C243.612 40.3512 244.07 40.2441 244.566 40.2441C245.405 40.2441 246.152 40.6406 246.809 41.4336C247.415 42.1719 247.718 43.3158 247.718 44.8652ZM246.303 45.5352C246.303 44.5098 246.196 43.6484 245.981 42.9512C245.754 42.2129 245.526 41.7161 245.298 41.4609C245.006 41.1465 244.571 40.9847 243.992 40.9756C243.687 40.971 243.436 41.1146 243.24 41.4062C243.021 41.7344 242.871 42.1514 242.789 42.6572C242.716 43.1175 242.68 43.5915 242.68 44.0791C242.68 45.0908 242.787 45.9886 243.001 46.7725C243.297 47.8571 243.6 48.486 243.91 48.6592C244.202 48.8232 244.528 48.9121 244.888 48.9258C245.22 48.9395 245.492 48.805 245.701 48.5225C245.888 48.2718 246.038 47.8343 246.152 47.21C246.253 46.654 246.303 46.0957 246.303 45.5352ZM252.701 49.4316C252.701 49.4772 252.683 49.5 252.646 49.5H248.784C248.725 49.5 248.695 49.4727 248.695 49.418V49.1514C248.695 49.0967 248.725 49.0693 248.784 49.0693H249.933C250.006 49.0693 250.042 48.9463 250.042 48.7002C250.042 48.6501 250.047 47.6361 250.056 45.6582C250.065 43.6758 250.069 42.6549 250.069 42.5957C250.069 41.9258 250.06 41.5065 250.042 41.3379C250.01 41.028 249.787 40.873 249.372 40.873H248.894C248.839 40.873 248.812 40.8457 248.812 40.791V40.5107C248.812 40.4561 248.839 40.4287 248.894 40.4287H249.666C250.299 40.4287 250.755 40.4059 251.033 40.3604C251.316 40.3102 251.452 40.2852 251.443 40.2852C251.516 40.2852 251.553 40.333 251.553 40.4287C251.553 40.4196 251.532 41.5179 251.491 43.7236C251.45 45.9248 251.43 47.112 251.43 47.2852C251.43 48.4746 251.541 49.0693 251.765 49.0693H252.633C252.678 49.0693 252.701 49.0921 252.701 49.1377V49.4316Z" fill="#031633"/>
<g filter="url(#filter0_d_134_4045)">
<mask id="path-3-inside-1_134_4045" fill="white">
<path d="M233 103C233 79.2518 252.252 60 276 60C299.748 60 319 79.2518 319 103C319 126.748 299.748 146 276 146C252.252 146 233 126.748 233 103Z"/>
</mask>
<path d="M233 103C233 79.2518 252.252 60 276 60C299.748 60 319 79.2518 319 103C319 126.748 299.748 146 276 146C252.252 146 233 126.748 233 103Z" fill="#BD5B3B" shape-rendering="crispEdges"/>
<path d="M233 103M319 103M319 103M233 103M276 60M319 103M276 146M233 103M276 146V145C252.804 145 234 126.196 234 103H233H232C232 127.301 251.699 147 276 147V146ZM319 103H318C318 126.196 299.196 145 276 145V146V147C300.301 147 320 127.301 320 103H319ZM276 60V61C299.196 61 318 79.804 318 103H319H320C320 78.6995 300.301 59 276 59V60ZM276 60V59C251.699 59 232 78.6995 232 103H233H234C234 79.804 252.804 61 276 61V60Z" fill="#D0C6B6" mask="url(#path-3-inside-1_134_4045)"/>
<path d="M249.118 118.152C249.118 118.149 249.117 118.146 249.117 118.144C249.11 118.101 249.104 118.058 249.099 118.013C249.066 115.098 251.183 113.32 252.128 112.294C252.172 112.249 252.216 112.205 252.259 112.162C252.356 112.061 252.453 111.967 252.548 111.881C252.588 111.845 252.627 111.811 252.667 111.776C253.184 111.338 253.716 111.023 254.298 110.777C255.689 110.2 257.429 109.988 259.999 110.483C260.754 110.578 261.476 110.709 262.18 110.858C265.061 111.476 267.74 112.408 270.215 113.101C270.226 113.104 270.237 113.107 270.248 113.11C272.306 113.693 274.837 113.542 277.568 113.3C277.583 113.299 277.597 113.298 277.611 113.297C278.52 113.246 279.935 112.744 281.208 112.098C281.278 112.058 281.349 112.017 281.421 111.976C282.542 111.328 283.856 110.381 284.699 109.608C284.725 109.584 284.751 109.562 284.777 109.541C284.715 109.649 284.714 109.871 284.772 109.862C284.805 109.864 284.838 109.798 284.847 109.696C284.85 109.664 284.852 109.629 284.853 109.591C284.864 109.355 284.805 109.305 284.692 109.115C284.68 109.096 284.667 109.078 284.653 109.059C284.377 108.712 284.095 108.44 283.815 108.208C280.596 105.946 275.62 106.283 270.871 106.625C270.861 106.626 270.851 106.626 270.841 106.627C269.926 106.672 269.008 106.7 268.086 106.704C266.244 106.708 264.389 106.636 262.496 106.346C261.095 106.117 259.662 105.808 258.206 105.029C258.159 105.003 258.111 104.976 258.064 104.949C257.651 104.71 257.304 104.403 257.03 104.091C256.607 103.639 256.328 103.181 256.108 102.834C256.081 102.791 256.056 102.75 256.032 102.712C255.697 102.232 255.313 101.11 255.538 100.219C255.569 100.06 255.61 99.9124 255.654 99.7762C255.685 99.6788 255.718 99.5889 255.753 99.5014C256.416 98.0129 257.18 97.3118 257.923 96.6706C257.926 96.6682 257.929 96.6658 257.932 96.6634C257.993 96.614 258.055 96.5652 258.118 96.517C260.972 94.7925 263.133 95.0946 264.963 94.8958C265.264 94.8811 265.545 94.87 265.803 94.8606C267.243 94.7289 268.669 94.641 270.089 94.5701C270.185 94.587 270.281 94.6049 270.38 94.6233C271.357 94.8078 272.507 94.827 274.126 94.8206C274.231 94.8201 274.338 94.8199 274.448 94.8198C274.753 94.8196 275.072 94.8206 275.408 94.8239C276.421 94.8334 277.593 94.8656 278.979 94.9424C279.872 94.9927 280.332 95.1061 280.707 95.1948C280.819 95.221 280.923 95.2455 281.026 95.2661C281.387 95.3368 281.768 95.2962 282.221 95.2563C282.773 95.2112 283.407 95.1482 284.315 95.3187C284.384 95.3323 284.462 95.3489 284.537 95.3674C284.636 95.3913 284.736 95.4171 284.841 95.448C284.803 95.4772 284.741 95.3478 284.242 95.6132C284.011 95.7547 283.856 96.0614 283.839 96.1954C283.807 96.3599 283.825 96.4026 283.83 96.4454C283.864 96.5475 283.846 96.4059 283.815 96.3143C283.748 96.1024 283.636 95.8612 283.528 95.6449C283.305 95.2038 283.079 94.8291 282.872 94.5027C282.456 93.8505 282.111 93.4007 281.819 92.9952C281.643 92.7492 281.486 92.522 281.342 92.2672C281.168 91.9559 280.988 91.574 280.844 91.1024C280.821 91.026 280.799 90.9478 280.778 90.8699C280.613 90.2634 280.495 89.6448 280.417 89.1229C280.302 88.3729 279.91 86.9334 279.564 85.8867C279.433 85.4907 279.305 84.949 279.148 84.3386C279.146 84.3284 279.143 84.3183 279.14 84.3081C279.124 84.2412 279.108 84.1735 279.094 84.1047C278.905 83.2229 278.958 82.1678 279.231 81.192C279.549 80.063 280.004 79.3091 280.387 78.7141C280.466 78.6021 280.554 78.4977 280.649 78.4038C281.535 77.6091 282.195 77.6885 282.602 77.6437C283.026 77.6337 283.327 77.6722 283.597 77.7082C283.646 77.7154 283.696 77.7234 283.744 77.7317C283.914 77.7614 284.073 77.7972 284.228 77.8384C284.614 77.9423 284.967 78.0782 285.316 78.2602C285.825 78.526 286.4 78.9453 286.855 79.5855C286.874 79.6111 286.892 79.6368 286.91 79.6627C287.245 80.1329 287.562 80.6745 287.819 81.2605C288.449 82.6506 288.601 84.2393 288.582 85.3108C288.479 86.6741 288.17 87.8589 287.991 88.8575C287.988 88.8815 287.975 88.9527 287.97 88.9764C287.963 89.0072 287.955 89.0378 287.948 89.0684C287.666 90.2398 287.348 91.411 286.986 92.57C286.765 93.2762 286.478 93.9427 286.158 94.5119L286.174 94.4617C286.169 94.4692 286.165 94.4765 286.161 94.4837C285.986 94.7664 285.827 95.0163 285.651 95.3102C285.214 96.0382 284.77 96.4991 284.338 96.4625C283.911 96.4236 283.516 95.9366 283.291 94.9991C283.203 94.6336 283.163 94.1446 283.217 93.6466C283.218 93.6363 283.219 93.6261 283.22 93.616C283.222 93.6078 283.23 93.5832 283.232 93.5751C283.295 92.9531 283.414 92.2867 283.578 91.6174C283.847 90.5195 284.077 89.4114 284.281 88.2915C284.286 88.2623 284.292 88.233 284.297 88.2036L284.279 88.3041C284.447 86.9948 284.665 85.8836 284.661 84.8982C284.666 83.6951 284.366 82.7275 283.716 81.7883C283.705 81.7723 283.694 81.7562 283.683 81.7401C283.624 81.6458 283.343 81.4276 282.991 81.3648C282.977 81.3622 282.964 81.3597 282.95 81.3577C282.786 81.3294 282.639 81.3229 282.611 81.3283C282.568 81.3167 282.763 81.4001 283.194 81.0243C283.247 80.9725 283.298 80.9141 283.342 80.8529C283.287 80.9289 283.234 81.0045 283.183 81.0801C282.569 81.9772 282.272 82.8038 282.365 83.4906C282.368 83.5171 282.372 83.5436 282.376 83.5703C282.509 84.2598 282.597 84.9321 282.676 85.5919C282.702 85.8052 282.726 86.0168 282.75 86.2277C283.005 87.6676 283.257 89.0602 283.593 90.027C283.614 90.0902 283.636 90.1522 283.657 90.2113C283.684 90.2836 283.717 90.3663 283.751 90.445C284.067 91.1539 284.408 91.7964 284.677 92.3252C284.869 92.6937 285.048 93.0246 285.258 93.3514C285.371 93.5266 285.53 93.7671 285.724 94.072C285.883 94.3247 286.066 94.6088 286.275 95.0068C286.38 95.2242 286.494 95.4031 286.618 95.8909C286.647 96.0257 286.679 96.1742 286.677 96.4409C286.665 96.6734 286.655 97.1423 286.213 97.6785C285.774 98.1979 285.153 98.3293 284.884 98.3449C284.53 98.3649 284.417 98.3345 284.234 98.3033C284.19 98.2992 284.087 98.2884 283.975 98.2808C283.083 98.2235 281.854 98.2685 280.744 98.2741C279.799 98.2803 278.695 98.261 277.636 98.2229C276.412 98.181 275.254 98.1102 274.474 98.1053C274.359 98.1048 274.252 98.1058 274.155 98.1089C274.097 98.1107 274.042 98.1134 273.99 98.1169C272.743 98.2024 271.312 98.1674 270.053 98.1521C268.853 98.1366 267.805 98.1412 267.219 98.2575C266.519 98.3968 265.917 98.3946 265.033 98.4142C264.422 98.4302 263.662 98.4522 262.688 98.5922C261.569 98.7562 260.817 98.9082 260.355 99.0721C260.242 99.1117 260.149 99.1526 260.087 99.1828C260.04 99.2114 259.994 99.2404 259.949 99.2701C259.467 99.5882 259.011 99.9995 258.749 100.555C258.707 100.647 258.676 100.735 258.661 100.801C258.655 100.826 258.651 100.848 258.649 100.867C258.64 100.967 258.679 100.942 258.696 100.93C258.714 100.918 258.753 100.992 258.85 101.136C258.877 101.179 258.903 101.222 258.928 101.261C259.165 101.653 259.333 101.889 259.459 102.039C259.527 102.121 259.594 102.179 259.659 102.217C259.687 102.234 259.715 102.25 259.743 102.266C259.909 102.358 260.091 102.445 260.291 102.528C260.863 102.768 261.549 102.962 262.186 103.152C262.714 103.31 263.158 103.483 263.558 103.629C263.684 103.674 263.805 103.716 263.923 103.754C264.377 103.813 264.835 103.859 265.296 103.895C265.372 103.886 265.451 103.875 265.534 103.864C265.951 103.809 266.461 103.735 267.09 103.707C268.086 103.661 268.961 103.716 269.892 103.747C270.153 103.756 270.419 103.762 270.689 103.764C270.698 103.764 270.707 103.764 270.716 103.764C271.178 103.766 271.688 103.745 272.244 103.702C272.849 103.654 273.546 103.578 274.244 103.518C275.283 103.427 276.322 103.381 277.051 103.443C277.324 103.465 277.556 103.53 277.786 103.597C277.787 103.597 277.788 103.598 277.789 103.598C277.804 103.603 277.82 103.607 277.835 103.612C279.606 103.69 281.423 103.92 283.209 104.577C283.367 104.626 283.525 104.679 283.683 104.736C284.451 105.01 285.179 105.393 285.662 105.655C285.978 105.823 286.552 106.222 287.138 106.848C287.19 106.905 287.242 106.963 287.294 107.025C287.708 107.509 288.067 108.254 288.16 109.029C288.186 109.224 288.198 109.418 288.2 109.603C288.201 109.655 288.202 109.71 288.202 109.769C288.232 110.23 288.214 111.358 287.574 112.094C287.547 112.134 287.518 112.172 287.489 112.21C287.328 112.416 287.175 112.604 287.028 112.782C286.723 113.151 286.372 113.424 286.006 113.69C285.663 113.939 285.309 114.179 284.956 114.489C284.779 114.645 284.595 114.823 284.394 115.012C284.218 115.177 284.028 115.35 283.819 115.519C283.625 115.676 283.158 115.974 282.52 116.312C282.125 116.521 281.665 116.744 281.159 116.958C280.282 117.399 279.327 117.791 278.157 117.961C278.142 117.963 278.128 117.965 278.113 117.967C277.72 118.025 277.323 118.081 276.921 118.135C276.659 118.218 276.431 118.313 276.253 118.422C276.125 118.501 276.016 118.59 275.905 118.681C275.752 118.804 275.592 118.932 275.363 119.039C275.184 119.124 274.966 119.166 274.815 119.145C274.746 119.135 274.691 119.112 274.641 119.092C274.584 119.068 274.534 119.046 274.473 119.05C274.43 119.053 274.385 119.074 274.33 119.099C274.242 119.139 274.126 119.191 273.946 119.198C273.277 119.224 272.495 119.205 271.709 119.134C270.836 119.057 269.962 118.907 269.263 118.765C269.135 118.739 268.999 118.708 268.855 118.67C268.838 118.665 268.82 118.661 268.802 118.656C268.175 118.486 267.446 118.223 266.733 117.963C266.123 117.741 265.522 117.52 265.008 117.358C264.503 117.198 263.964 117.093 263.449 117.001C262.829 116.89 262.242 116.796 261.771 116.629C261.676 116.595 261.57 116.493 261.438 116.367C261.345 116.277 261.237 116.175 261.109 116.076C260.491 115.955 259.883 115.851 259.296 115.778C259.274 115.787 259.252 115.795 259.229 115.803C259.229 115.804 259.228 115.804 259.228 115.804C258.721 116 258.058 116.283 257.379 116.142C257.208 116.107 257.101 116.029 257.005 115.959C256.912 115.89 256.821 115.833 256.731 115.842C256.624 115.853 256.543 115.942 256.522 116.02C256.495 116.105 256.555 116.158 256.584 116.119C256.552 116.154 256.518 116.187 256.483 116.219C256.446 116.252 256.408 116.285 256.368 116.315C256.347 116.332 256.323 116.35 256.299 116.369C256.072 116.547 255.759 116.817 255.413 117.032C254.992 117.615 254.799 118.23 254.797 118.239C254.794 118.276 254.791 118.312 254.788 118.348C254.752 118.783 254.727 119.191 254.726 119.54C254.724 119.816 254.744 120.058 254.761 120.18C254.773 120.313 254.789 120.249 254.565 120.065C254.585 120.086 254.606 120.105 254.626 120.125C255.546 121.033 256.697 121.702 258.08 122.306C259.069 122.74 260.026 123.289 260.696 123.901C261.366 124.512 261.693 125.135 261.562 125.669C261.427 126.199 260.843 126.605 259.907 126.777C258.972 126.947 257.757 126.862 256.527 126.468C254.859 125.937 252.994 125.138 251.421 123.867C251.389 123.841 251.357 123.816 251.325 123.79C250.721 123.281 250.366 122.684 250.144 122.189C250.052 121.999 249.977 121.814 249.914 121.64C249.482 120.361 249.369 119.522 249.21 118.698C249.177 118.512 249.146 118.33 249.118 118.152Z" fill="#F5F0EA"/>
</g>
<path d="M242.812 181.438V179.762H252.27V181.438H248.426V197H246.668V181.438H242.812ZM265.207 192.77L266.59 193.496C266.137 194.387 265.613 195.105 265.02 195.652C264.426 196.199 263.758 196.617 263.016 196.906C262.273 197.188 261.434 197.328 260.496 197.328C258.418 197.328 256.793 196.648 255.621 195.289C254.449 193.922 253.863 192.379 253.863 190.66C253.863 189.043 254.359 187.602 255.352 186.336C256.609 184.727 258.293 183.922 260.402 183.922C262.574 183.922 264.309 184.746 265.605 186.395C266.527 187.559 266.996 189.012 267.012 190.754H255.551C255.582 192.238 256.055 193.457 256.969 194.41C257.883 195.355 259.012 195.828 260.355 195.828C261.004 195.828 261.633 195.715 262.242 195.488C262.859 195.262 263.383 194.961 263.812 194.586C264.242 194.211 264.707 193.605 265.207 192.77ZM265.207 189.336C264.988 188.461 264.668 187.762 264.246 187.238C263.832 186.715 263.281 186.293 262.594 185.973C261.906 185.652 261.184 185.492 260.426 185.492C259.176 185.492 258.102 185.895 257.203 186.699C256.547 187.285 256.051 188.164 255.715 189.336H265.207ZM269.836 179.328H271.477V197H269.836V179.328ZM274.641 179.328H276.281V197H274.641V179.328ZM286.676 179.762H288.398V190.168C288.398 191.402 288.422 192.172 288.469 192.477C288.555 193.156 288.754 193.727 289.066 194.188C289.379 194.641 289.859 195.023 290.508 195.336C291.156 195.641 291.809 195.793 292.465 195.793C293.035 195.793 293.582 195.672 294.105 195.43C294.629 195.188 295.066 194.852 295.418 194.422C295.77 193.992 296.027 193.473 296.191 192.863C296.309 192.426 296.367 191.527 296.367 190.168V179.762H298.09V190.168C298.09 191.707 297.938 192.953 297.633 193.906C297.336 194.852 296.734 195.676 295.828 196.379C294.93 197.082 293.84 197.434 292.559 197.434C291.168 197.434 289.977 197.102 288.984 196.438C287.992 195.773 287.328 194.895 286.992 193.801C286.781 193.129 286.676 191.918 286.676 190.168V179.762ZM308.484 185.645L307.43 186.734C306.555 185.883 305.699 185.457 304.863 185.457C304.332 185.457 303.875 185.633 303.492 185.984C303.117 186.336 302.93 186.746 302.93 187.215C302.93 187.629 303.086 188.023 303.398 188.398C303.711 188.781 304.367 189.23 305.367 189.746C306.586 190.379 307.414 190.988 307.852 191.574C308.281 192.168 308.496 192.836 308.496 193.578C308.496 194.625 308.129 195.512 307.395 196.238C306.66 196.965 305.742 197.328 304.641 197.328C303.906 197.328 303.203 197.168 302.531 196.848C301.867 196.527 301.316 196.086 300.879 195.523L301.91 194.352C302.746 195.297 303.633 195.77 304.57 195.77C305.227 195.77 305.785 195.559 306.246 195.137C306.707 194.715 306.938 194.219 306.938 193.648C306.938 193.18 306.785 192.762 306.48 192.395C306.176 192.035 305.488 191.582 304.418 191.035C303.27 190.441 302.488 189.855 302.074 189.277C301.66 188.699 301.453 188.039 301.453 187.297C301.453 186.328 301.781 185.523 302.438 184.883C303.102 184.242 303.938 183.922 304.945 183.922C306.117 183.922 307.297 184.496 308.484 185.645Z" fill="#F5F0EA"/>
<path d="M160.266 232.859L161.242 232.273C161.93 233.539 162.724 234.172 163.625 234.172C164.01 234.172 164.372 234.083 164.711 233.906C165.049 233.724 165.307 233.482 165.484 233.18C165.661 232.878 165.75 232.557 165.75 232.219C165.75 231.833 165.62 231.456 165.359 231.086C165 230.576 164.344 229.961 163.391 229.242C162.432 228.518 161.836 227.995 161.602 227.672C161.195 227.13 160.992 226.544 160.992 225.914C160.992 225.414 161.112 224.958 161.352 224.547C161.591 224.135 161.927 223.812 162.359 223.578C162.797 223.339 163.271 223.219 163.781 223.219C164.323 223.219 164.828 223.354 165.297 223.625C165.771 223.891 166.271 224.383 166.797 225.102L165.859 225.812C165.427 225.24 165.057 224.862 164.75 224.68C164.448 224.497 164.117 224.406 163.758 224.406C163.294 224.406 162.914 224.547 162.617 224.828C162.326 225.109 162.18 225.456 162.18 225.867C162.18 226.117 162.232 226.359 162.336 226.594C162.44 226.828 162.63 227.083 162.906 227.359C163.057 227.505 163.552 227.888 164.391 228.508C165.385 229.242 166.068 229.896 166.438 230.469C166.807 231.042 166.992 231.617 166.992 232.195C166.992 233.029 166.674 233.753 166.039 234.367C165.409 234.982 164.641 235.289 163.734 235.289C163.036 235.289 162.404 235.104 161.836 234.734C161.268 234.359 160.745 233.734 160.266 232.859ZM169.242 223.219H170.336V228.023C170.779 227.44 171.266 227.005 171.797 226.719C172.328 226.427 172.904 226.281 173.523 226.281C174.159 226.281 174.721 226.443 175.211 226.766C175.706 227.089 176.07 227.523 176.305 228.07C176.539 228.612 176.656 229.464 176.656 230.625V235H175.562V230.945C175.562 229.966 175.523 229.312 175.445 228.984C175.31 228.422 175.062 228 174.703 227.719C174.349 227.432 173.883 227.289 173.305 227.289C172.643 227.289 172.049 227.508 171.523 227.945C171.003 228.383 170.659 228.924 170.492 229.57C170.388 229.987 170.336 230.758 170.336 231.883V235H169.242V223.219ZM187.477 226.5V235H186.398V233.539C185.94 234.096 185.424 234.516 184.852 234.797C184.284 235.078 183.661 235.219 182.984 235.219C181.781 235.219 180.753 234.784 179.898 233.914C179.049 233.039 178.625 231.977 178.625 230.727C178.625 229.503 179.055 228.456 179.914 227.586C180.773 226.716 181.807 226.281 183.016 226.281C183.714 226.281 184.344 226.43 184.906 226.727C185.474 227.023 185.971 227.469 186.398 228.062V226.5H187.477ZM183.102 227.336C182.492 227.336 181.93 227.487 181.414 227.789C180.898 228.086 180.487 228.505 180.18 229.047C179.878 229.589 179.727 230.161 179.727 230.766C179.727 231.365 179.88 231.938 180.188 232.484C180.495 233.031 180.906 233.458 181.422 233.766C181.943 234.068 182.5 234.219 183.094 234.219C183.693 234.219 184.26 234.068 184.797 233.766C185.333 233.464 185.745 233.055 186.031 232.539C186.323 232.023 186.469 231.443 186.469 230.797C186.469 229.812 186.143 228.99 185.492 228.328C184.846 227.667 184.049 227.336 183.102 227.336ZM189.531 226.5H190.648V227.742C190.982 227.253 191.333 226.888 191.703 226.648C192.073 226.404 192.458 226.281 192.859 226.281C193.161 226.281 193.484 226.378 193.828 226.57L193.258 227.492C193.029 227.393 192.836 227.344 192.68 227.344C192.315 227.344 191.964 227.495 191.625 227.797C191.286 228.094 191.029 228.557 190.852 229.188C190.716 229.672 190.648 230.651 190.648 232.125V235H189.531V226.5ZM201.914 232.18L202.836 232.664C202.534 233.258 202.185 233.737 201.789 234.102C201.393 234.466 200.948 234.745 200.453 234.938C199.958 235.125 199.398 235.219 198.773 235.219C197.388 235.219 196.305 234.766 195.523 233.859C194.742 232.948 194.352 231.919 194.352 230.773C194.352 229.695 194.682 228.734 195.344 227.891C196.182 226.818 197.305 226.281 198.711 226.281C200.159 226.281 201.315 226.831 202.18 227.93C202.794 228.706 203.107 229.674 203.117 230.836H195.477C195.497 231.826 195.812 232.638 196.422 233.273C197.031 233.904 197.784 234.219 198.68 234.219C199.112 234.219 199.531 234.143 199.938 233.992C200.349 233.841 200.698 233.641 200.984 233.391C201.271 233.141 201.581 232.737 201.914 232.18ZM201.914 229.891C201.768 229.307 201.555 228.841 201.273 228.492C200.997 228.143 200.63 227.862 200.172 227.648C199.714 227.435 199.232 227.328 198.727 227.328C197.893 227.328 197.177 227.596 196.578 228.133C196.141 228.523 195.81 229.109 195.586 229.891H201.914ZM208.453 226.5H209.578L212.18 232.672L214.906 226.5H215.102L217.82 232.672L220.469 226.5H221.609L217.922 235H217.711L215.008 228.914L212.281 235H212.078L208.453 226.5ZM222.898 223.219H223.992V228.023C224.435 227.44 224.922 227.005 225.453 226.719C225.984 226.427 226.56 226.281 227.18 226.281C227.815 226.281 228.378 226.443 228.867 226.766C229.362 227.089 229.727 227.523 229.961 228.07C230.195 228.612 230.312 229.464 230.312 230.625V235H229.219V230.945C229.219 229.966 229.18 229.312 229.102 228.984C228.966 228.422 228.719 228 228.359 227.719C228.005 227.432 227.539 227.289 226.961 227.289C226.299 227.289 225.706 227.508 225.18 227.945C224.659 228.383 224.315 228.924 224.148 229.57C224.044 229.987 223.992 230.758 223.992 231.883V235H222.898V223.219ZM241.133 226.5V235H240.055V233.539C239.596 234.096 239.081 234.516 238.508 234.797C237.94 235.078 237.318 235.219 236.641 235.219C235.438 235.219 234.409 234.784 233.555 233.914C232.706 233.039 232.281 231.977 232.281 230.727C232.281 229.503 232.711 228.456 233.57 227.586C234.43 226.716 235.464 226.281 236.672 226.281C237.37 226.281 238 226.43 238.562 226.727C239.13 227.023 239.628 227.469 240.055 228.062V226.5H241.133ZM236.758 227.336C236.148 227.336 235.586 227.487 235.07 227.789C234.555 228.086 234.143 228.505 233.836 229.047C233.534 229.589 233.383 230.161 233.383 230.766C233.383 231.365 233.536 231.938 233.844 232.484C234.151 233.031 234.562 233.458 235.078 233.766C235.599 234.068 236.156 234.219 236.75 234.219C237.349 234.219 237.917 234.068 238.453 233.766C238.99 233.464 239.401 233.055 239.688 232.539C239.979 232.023 240.125 231.443 240.125 230.797C240.125 229.812 239.799 228.99 239.148 228.328C238.503 227.667 237.706 227.336 236.758 227.336ZM244.555 223.344H245.656V226.5H247.391V227.438H245.656V235H244.555V227.438H243.062V226.5H244.555V223.344ZM252.547 226.5H253.703L256.625 233.047L259.461 226.5H260.625L255.555 238.109H254.398L256.039 234.359L252.547 226.5ZM266.062 226.281C267.37 226.281 268.453 226.755 269.312 227.703C270.094 228.568 270.484 229.591 270.484 230.773C270.484 231.961 270.07 233 269.242 233.891C268.419 234.776 267.359 235.219 266.062 235.219C264.76 235.219 263.695 234.776 262.867 233.891C262.044 233 261.633 231.961 261.633 230.773C261.633 229.596 262.023 228.576 262.805 227.711C263.664 226.758 264.75 226.281 266.062 226.281ZM266.062 227.352C265.156 227.352 264.378 227.688 263.727 228.359C263.076 229.031 262.75 229.844 262.75 230.797C262.75 231.411 262.898 231.984 263.195 232.516C263.492 233.047 263.893 233.458 264.398 233.75C264.904 234.036 265.458 234.18 266.062 234.18C266.667 234.18 267.221 234.036 267.727 233.75C268.232 233.458 268.633 233.047 268.93 232.516C269.227 231.984 269.375 231.411 269.375 230.797C269.375 229.844 269.047 229.031 268.391 228.359C267.74 227.688 266.964 227.352 266.062 227.352ZM272.383 226.5H273.484V230.469C273.484 231.438 273.536 232.104 273.641 232.469C273.797 232.99 274.094 233.401 274.531 233.703C274.974 234.005 275.5 234.156 276.109 234.156C276.719 234.156 277.234 234.01 277.656 233.719C278.083 233.422 278.378 233.034 278.539 232.555C278.648 232.227 278.703 231.531 278.703 230.469V226.5H279.82V230.672C279.82 231.844 279.682 232.727 279.406 233.32C279.135 233.914 278.724 234.38 278.172 234.719C277.625 235.052 276.938 235.219 276.109 235.219C275.281 235.219 274.589 235.052 274.031 234.719C273.479 234.38 273.065 233.911 272.789 233.312C272.518 232.708 272.383 231.802 272.383 230.594V226.5ZM283.023 226.836H282.219L282.047 223.219H283.203L283.023 226.836ZM285.016 226.5H286.133V227.742C286.466 227.253 286.818 226.888 287.188 226.648C287.557 226.404 287.943 226.281 288.344 226.281C288.646 226.281 288.969 226.378 289.312 226.57L288.742 227.492C288.513 227.393 288.32 227.344 288.164 227.344C287.799 227.344 287.448 227.495 287.109 227.797C286.771 228.094 286.513 228.557 286.336 229.188C286.201 229.672 286.133 230.651 286.133 232.125V235H285.016V226.5ZM297.398 232.18L298.32 232.664C298.018 233.258 297.669 233.737 297.273 234.102C296.878 234.466 296.432 234.745 295.938 234.938C295.443 235.125 294.883 235.219 294.258 235.219C292.872 235.219 291.789 234.766 291.008 233.859C290.227 232.948 289.836 231.919 289.836 230.773C289.836 229.695 290.167 228.734 290.828 227.891C291.667 226.818 292.789 226.281 294.195 226.281C295.643 226.281 296.799 226.831 297.664 227.93C298.279 228.706 298.591 229.674 298.602 230.836H290.961C290.982 231.826 291.297 232.638 291.906 233.273C292.516 233.904 293.268 234.219 294.164 234.219C294.596 234.219 295.016 234.143 295.422 233.992C295.833 233.841 296.182 233.641 296.469 233.391C296.755 233.141 297.065 232.737 297.398 232.18ZM297.398 229.891C297.253 229.307 297.039 228.841 296.758 228.492C296.482 228.143 296.115 227.862 295.656 227.648C295.198 227.435 294.716 227.328 294.211 227.328C293.378 227.328 292.661 227.596 292.062 228.133C291.625 228.523 291.294 229.109 291.07 229.891H297.398ZM305.086 226.5H306.18V228.023C306.617 227.44 307.102 227.005 307.633 226.719C308.164 226.427 308.742 226.281 309.367 226.281C310.003 226.281 310.565 226.443 311.055 226.766C311.549 227.089 311.914 227.523 312.148 228.07C312.383 228.617 312.5 229.469 312.5 230.625V235H311.414V230.945C311.414 229.966 311.372 229.312 311.289 228.984C311.159 228.422 310.914 228 310.555 227.719C310.195 227.432 309.727 227.289 309.148 227.289C308.487 227.289 307.893 227.508 307.367 227.945C306.846 228.383 306.503 228.924 306.336 229.57C306.232 229.992 306.18 230.763 306.18 231.883V235H305.086V226.5ZM323.32 226.5V235H322.242V233.539C321.784 234.096 321.268 234.516 320.695 234.797C320.128 235.078 319.505 235.219 318.828 235.219C317.625 235.219 316.596 234.784 315.742 233.914C314.893 233.039 314.469 231.977 314.469 230.727C314.469 229.503 314.898 228.456 315.758 227.586C316.617 226.716 317.651 226.281 318.859 226.281C319.557 226.281 320.188 226.43 320.75 226.727C321.318 227.023 321.815 227.469 322.242 228.062V226.5H323.32ZM318.945 227.336C318.336 227.336 317.773 227.487 317.258 227.789C316.742 228.086 316.331 228.505 316.023 229.047C315.721 229.589 315.57 230.161 315.57 230.766C315.57 231.365 315.724 231.938 316.031 232.484C316.339 233.031 316.75 233.458 317.266 233.766C317.786 234.068 318.344 234.219 318.938 234.219C319.536 234.219 320.104 234.068 320.641 233.766C321.177 233.464 321.589 233.055 321.875 232.539C322.167 232.023 322.312 231.443 322.312 230.797C322.312 229.812 321.987 228.99 321.336 228.328C320.69 227.667 319.893 227.336 318.945 227.336ZM324.984 226.5H326.148L328.992 232.688L331.812 226.5H332.984L329.094 235H328.898L324.984 226.5ZM335.047 223C335.297 223 335.51 223.089 335.688 223.266C335.865 223.443 335.953 223.656 335.953 223.906C335.953 224.151 335.865 224.362 335.688 224.539C335.51 224.716 335.297 224.805 335.047 224.805C334.802 224.805 334.591 224.716 334.414 224.539C334.237 224.362 334.148 224.151 334.148 223.906C334.148 223.656 334.237 223.443 334.414 223.266C334.591 223.089 334.802 223 335.047 223ZM334.5 226.5H335.602V235H334.5V226.5ZM345.188 226.5H346.289V233.273C346.289 234.466 346.185 235.339 345.977 235.891C345.69 236.672 345.193 237.273 344.484 237.695C343.776 238.117 342.924 238.328 341.93 238.328C341.201 238.328 340.544 238.224 339.961 238.016C339.383 237.812 338.911 237.536 338.547 237.188C338.182 236.844 337.846 236.339 337.539 235.672H338.727C339.049 236.234 339.466 236.651 339.977 236.922C340.487 237.193 341.12 237.328 341.875 237.328C342.62 237.328 343.247 237.188 343.758 236.906C344.273 236.63 344.641 236.281 344.859 235.859C345.078 235.438 345.188 234.758 345.188 233.82V233.383C344.776 233.904 344.273 234.305 343.68 234.586C343.086 234.862 342.456 235 341.789 235C341.008 235 340.273 234.807 339.586 234.422C338.898 234.031 338.367 233.508 337.992 232.852C337.617 232.195 337.43 231.474 337.43 230.688C337.43 229.901 337.625 229.169 338.016 228.492C338.406 227.81 338.945 227.271 339.633 226.875C340.326 226.479 341.055 226.281 341.82 226.281C342.456 226.281 343.047 226.414 343.594 226.68C344.146 226.94 344.677 227.372 345.188 227.977V226.5ZM341.961 227.336C341.341 227.336 340.766 227.487 340.234 227.789C339.703 228.086 339.286 228.5 338.984 229.031C338.682 229.557 338.531 230.128 338.531 230.742C338.531 231.674 338.844 232.445 339.469 233.055C340.094 233.664 340.904 233.969 341.898 233.969C342.904 233.969 343.711 233.667 344.32 233.062C344.935 232.458 345.242 231.664 345.242 230.68C345.242 230.039 345.102 229.469 344.82 228.969C344.539 228.464 344.141 228.065 343.625 227.773C343.109 227.482 342.555 227.336 341.961 227.336ZM357.102 226.5V235H356.023V233.539C355.565 234.096 355.049 234.516 354.477 234.797C353.909 235.078 353.286 235.219 352.609 235.219C351.406 235.219 350.378 234.784 349.523 233.914C348.674 233.039 348.25 231.977 348.25 230.727C348.25 229.503 348.68 228.456 349.539 227.586C350.398 226.716 351.432 226.281 352.641 226.281C353.339 226.281 353.969 226.43 354.531 226.727C355.099 227.023 355.596 227.469 356.023 228.062V226.5H357.102ZM352.727 227.336C352.117 227.336 351.555 227.487 351.039 227.789C350.523 228.086 350.112 228.505 349.805 229.047C349.503 229.589 349.352 230.161 349.352 230.766C349.352 231.365 349.505 231.938 349.812 232.484C350.12 233.031 350.531 233.458 351.047 233.766C351.568 234.068 352.125 234.219 352.719 234.219C353.318 234.219 353.885 234.068 354.422 233.766C354.958 233.464 355.37 233.055 355.656 232.539C355.948 232.023 356.094 231.443 356.094 230.797C356.094 229.812 355.768 228.99 355.117 228.328C354.471 227.667 353.674 227.336 352.727 227.336ZM360.523 223.344H361.625V226.5H363.359V227.438H361.625V235H360.523V227.438H359.031V226.5H360.523V223.344ZM365.375 223C365.625 223 365.839 223.089 366.016 223.266C366.193 223.443 366.281 223.656 366.281 223.906C366.281 224.151 366.193 224.362 366.016 224.539C365.839 224.716 365.625 224.805 365.375 224.805C365.13 224.805 364.919 224.716 364.742 224.539C364.565 224.362 364.477 224.151 364.477 223.906C364.477 223.656 364.565 223.443 364.742 223.266C364.919 223.089 365.13 223 365.375 223ZM364.828 226.5H365.93V235H364.828V226.5ZM368.195 226.5H369.289V228.023C369.727 227.44 370.211 227.005 370.742 226.719C371.273 226.427 371.852 226.281 372.477 226.281C373.112 226.281 373.674 226.443 374.164 226.766C374.659 227.089 375.023 227.523 375.258 228.07C375.492 228.617 375.609 229.469 375.609 230.625V235H374.523V230.945C374.523 229.966 374.482 229.312 374.398 228.984C374.268 228.422 374.023 228 373.664 227.719C373.305 227.432 372.836 227.289 372.258 227.289C371.596 227.289 371.003 227.508 370.477 227.945C369.956 228.383 369.612 228.924 369.445 229.57C369.341 229.992 369.289 230.763 369.289 231.883V235H368.195V226.5ZM385.281 226.5H386.383V233.273C386.383 234.466 386.279 235.339 386.07 235.891C385.784 236.672 385.286 237.273 384.578 237.695C383.87 238.117 383.018 238.328 382.023 238.328C381.294 238.328 380.638 238.224 380.055 238.016C379.477 237.812 379.005 237.536 378.641 237.188C378.276 236.844 377.94 236.339 377.633 235.672H378.82C379.143 236.234 379.56 236.651 380.07 236.922C380.581 237.193 381.214 237.328 381.969 237.328C382.714 237.328 383.341 237.188 383.852 236.906C384.367 236.63 384.734 236.281 384.953 235.859C385.172 235.438 385.281 234.758 385.281 233.82V233.383C384.87 233.904 384.367 234.305 383.773 234.586C383.18 234.862 382.549 235 381.883 235C381.102 235 380.367 234.807 379.68 234.422C378.992 234.031 378.461 233.508 378.086 232.852C377.711 232.195 377.523 231.474 377.523 230.688C377.523 229.901 377.719 229.169 378.109 228.492C378.5 227.81 379.039 227.271 379.727 226.875C380.419 226.479 381.148 226.281 381.914 226.281C382.549 226.281 383.141 226.414 383.688 226.68C384.24 226.94 384.771 227.372 385.281 227.977V226.5ZM382.055 227.336C381.435 227.336 380.859 227.487 380.328 227.789C379.797 228.086 379.38 228.5 379.078 229.031C378.776 229.557 378.625 230.128 378.625 230.742C378.625 231.674 378.938 232.445 379.562 233.055C380.188 233.664 380.997 233.969 381.992 233.969C382.997 233.969 383.805 233.667 384.414 233.062C385.029 232.458 385.336 231.664 385.336 230.68C385.336 230.039 385.195 229.469 384.914 228.969C384.633 228.464 384.234 228.065 383.719 227.773C383.203 227.482 382.648 227.336 382.055 227.336ZM389.93 233.281C390.195 233.281 390.422 233.375 390.609 233.562C390.797 233.75 390.891 233.979 390.891 234.25C390.891 234.516 390.797 234.745 390.609 234.938C390.422 235.125 390.195 235.219 389.93 235.219C389.664 235.219 389.438 235.125 389.25 234.938C389.062 234.745 388.969 234.516 388.969 234.25C388.969 233.979 389.062 233.75 389.25 233.562C389.438 233.375 389.664 233.281 389.93 233.281Z" fill="#F5F0EA"/>
<path d="M833 46C833 38.268 839.268 32 847 32C854.732 32 861 38.268 861 46C861 53.732 854.732 60 847 60C839.268 60 833 53.732 833 46Z" fill="#F5F0EA"/>
<path d="M846.549 44.8652C846.549 45.485 846.521 45.9476 846.467 46.2529C846.403 46.6403 846.257 47.0778 846.029 47.5654C845.692 48.29 845.277 48.8278 844.785 49.1787C844.402 49.4476 843.94 49.582 843.397 49.582C842.714 49.582 842.103 49.377 841.565 48.9668C841.174 48.6706 840.845 48.2285 840.581 47.6406C840.276 46.9479 840.123 46.1117 840.123 45.1318C840.123 43.6826 840.403 42.4886 840.964 41.5498C841.21 41.1351 841.563 40.807 842.023 40.5654C842.443 40.3512 842.901 40.2441 843.397 40.2441C844.236 40.2441 844.983 40.6406 845.64 41.4336C846.246 42.1719 846.549 43.3158 846.549 44.8652ZM845.134 45.5352C845.134 44.5098 845.027 43.6484 844.812 42.9512C844.585 42.2129 844.357 41.7161 844.129 41.4609C843.837 41.1465 843.402 40.9847 842.823 40.9756C842.518 40.971 842.267 41.1146 842.071 41.4062C841.853 41.7344 841.702 42.1514 841.62 42.6572C841.547 43.1175 841.511 43.5915 841.511 44.0791C841.511 45.0908 841.618 45.9886 841.832 46.7725C842.128 47.8571 842.431 48.486 842.741 48.6592C843.033 48.8232 843.359 48.9121 843.719 48.9258C844.051 48.9395 844.323 48.805 844.532 48.5225C844.719 48.2718 844.869 47.8343 844.983 47.21C845.084 46.654 845.134 46.0957 845.134 45.5352ZM854.068 48.2969C854.068 48.3516 854.046 48.4313 854 48.5361C853.84 48.8916 853.717 49.1855 853.631 49.418C853.613 49.4727 853.562 49.5 853.48 49.5H847.793C847.711 49.5 847.67 49.4294 847.67 49.2881C847.67 49.2015 847.754 49.1035 847.923 48.9941C849.254 48.1237 850.243 47.2806 850.89 46.4648C851.364 45.8587 851.687 45.3027 851.86 44.7969C852.006 44.373 852.079 43.8558 852.079 43.2451C852.079 42.8213 851.958 42.4225 851.717 42.0488C851.589 41.8574 851.43 41.7048 851.238 41.5908C850.96 41.4222 850.546 41.3288 849.994 41.3105C849.206 41.2832 848.586 41.5111 848.135 41.9941C848.053 42.0807 847.996 42.124 847.964 42.124C847.85 42.124 847.772 42.0853 847.731 42.0078C847.718 41.985 847.711 41.9622 847.711 41.9395C847.711 41.8027 847.818 41.6045 848.032 41.3447C848.265 41.0622 848.595 40.8115 849.023 40.5928C849.52 40.4105 850.188 40.3193 851.026 40.3193C851.751 40.3193 852.364 40.5381 852.865 40.9756C853.321 41.3766 853.549 41.96 853.549 42.7256C853.549 43.2041 853.433 43.7077 853.2 44.2363C852.813 45.1113 852.271 45.9225 851.573 46.6699C851.054 47.2305 850.479 47.7591 849.851 48.2559C849.791 48.3014 849.762 48.3379 849.762 48.3652C849.762 48.4017 849.83 48.4199 849.967 48.4199H851.423C852.38 48.4199 853.116 48.3789 853.631 48.2969C853.69 48.2878 853.752 48.2718 853.815 48.249C853.879 48.2262 853.916 48.2148 853.925 48.2148C854.021 48.2148 854.068 48.2422 854.068 48.2969Z" fill="#031633"/>
<g filter="url(#filter1_d_134_4045)">
<mask id="path-10-inside-2_134_4045" fill="white">
<path d="M833 103C833 79.2518 852.252 60 876 60C899.748 60 919 79.2518 919 103C919 126.748 899.748 146 876 146C852.252 146 833 126.748 833 103Z"/>
</mask>
<path d="M833 103C833 79.2518 852.252 60 876 60C899.748 60 919 79.2518 919 103C919 126.748 899.748 146 876 146C852.252 146 833 126.748 833 103Z" fill="#BD5B3B" shape-rendering="crispEdges"/>
<path d="M833 103M919 103M919 103M833 103M876 60M919 103M876 146M833 103M876 146V145C852.804 145 834 126.196 834 103H833H832C832 127.301 851.699 147 876 147V146ZM919 103H918C918 126.196 899.196 145 876 145V146V147C900.301 147 920 127.301 920 103H919ZM876 60V61C899.196 61 918 79.804 918 103H919H920C920 78.6995 900.301 59 876 59V60ZM876 60V59C851.699 59 832 78.6995 832 103H833H834C834 79.804 852.804 61 876 61V60Z" fill="#D0C6B6" mask="url(#path-10-inside-2_134_4045)"/>
<path d="M879.513 115.332C879.052 115.379 877.13 115.326 875.991 115.232C875.971 115.231 875.95 115.229 875.929 115.227C875.662 115.205 875.403 115.188 875.096 115.161C874.816 115.136 874.493 115.103 874.08 115.038C874.063 115.036 874.046 115.033 874.029 115.03C873.406 114.929 872.596 114.77 871.468 114.462C870.912 114.352 870.362 114.232 869.816 114.102C867.393 113.522 865.044 112.791 862.759 111.89C862.748 111.886 862.737 111.881 862.725 111.877C860.03 110.746 857.881 109.454 855.695 107.936C855.669 107.917 855.643 107.899 855.617 107.881C854.414 107.075 853.617 105.771 853.274 104.65C853.238 104.552 853.204 104.452 853.171 104.352C853.043 103.953 852.946 103.547 852.875 103.159C852.868 103.117 852.861 103.076 852.854 103.036C852.548 101.36 852.893 99.6631 853.288 98.6804C853.949 97.0406 854.608 96.1732 855.126 95.4554C856.67 93.1459 858.461 91.2458 860.242 89.3737C860.28 89.3339 860.319 89.294 860.357 89.254C862.183 87.4455 864.246 86.7678 866.239 86.1152C867.683 85.6732 869.133 85.3411 870.595 85.0737C870.873 85.0231 871.152 84.9751 871.432 84.9301C871.495 84.92 871.557 84.9102 871.619 84.9006C872.767 84.7289 873.832 84.7609 874.868 84.8238C875.681 84.841 876.436 84.8802 877.138 84.9291C878.116 84.9974 878.989 85.0862 879.694 85.1925C881.395 85.4489 883.276 85.9204 884.667 86.2851C884.891 86.3438 885.108 86.4009 885.308 86.4533C885.449 86.4818 885.592 86.5107 885.737 86.54C885.831 86.5591 885.925 86.5783 886.02 86.5978C887.004 86.8005 887.97 87.1183 888.882 87.5318C888.951 87.5832 889.02 87.6358 889.09 87.6904C889.949 88.3684 891.065 89.0408 892.568 90.3017C893.221 90.8478 893.938 91.5052 894.736 92.2732C894.89 92.4206 895.015 92.5513 895.121 92.6682C895.198 92.754 895.264 92.8324 895.323 92.9051C895.479 93.0908 895.582 93.2477 895.672 93.3901C895.728 93.4774 895.777 93.5585 895.829 93.6399C896.007 93.9168 896.267 94.1408 896.56 94.431C896.937 94.8042 897.38 95.301 897.645 96.0889C898.127 97.5791 898.333 98.5275 898.575 99.2126C898.616 99.3345 898.656 99.4482 898.696 99.554C898.83 99.9616 898.904 100.311 898.95 100.624C898.994 100.933 899.009 101.211 898.991 101.484C898.939 102.385 898.468 103.424 898.064 104.091C897.841 104.468 897.558 105.132 897.348 105.753C897.314 105.853 897.282 105.952 897.254 106.049C897.18 106.27 897.098 106.482 897.012 106.681C896.838 107.084 896.503 107.587 896.052 108.074C895.586 108.581 895.007 109.064 894.427 109.538C893.73 110.104 893.211 110.481 892.805 110.798C892.713 110.869 892.628 110.936 892.547 111.001C892.061 111.367 891.611 111.592 891.208 111.756C890.931 111.867 890.672 111.95 890.42 112.018C890.067 112.115 889.682 112.185 889.332 112.238C889.004 112.284 888.595 112.355 888.699 112.354C888.734 112.346 888.821 112.328 888.988 112.224C888.995 112.22 889.002 112.215 889.01 112.21C889.422 111.924 889.471 111.621 889.484 111.628C889.496 111.61 889.492 111.725 889.507 111.856C889.534 112.132 889.603 112.497 889.677 112.813C889.845 114.391 890.317 116.124 890.058 118.408L890.068 118.294C890.068 118.301 890.067 118.307 890.067 118.313C890.052 118.468 890.04 118.626 890.027 118.788C889.944 119.584 889.91 120.255 889.339 121.367C889.265 121.567 888.96 121.96 888.785 122.082C888.776 122.088 888.767 122.094 888.758 122.099C888.299 122.374 887.852 122.354 887.62 122.301C887.373 122.244 887.235 122.157 887.126 122.075C886.615 121.625 886.62 121.217 886.547 120.935C886.499 120.649 886.494 120.491 886.551 120.402C886.61 120.314 886.748 120.281 886.995 120.217C887.223 120.149 887.641 120.08 887.831 119.901C887.856 119.866 887.864 119.821 887.792 119.779C887.729 119.74 887.507 119.702 887.246 119.844C887.241 119.847 887.236 119.849 887.231 119.852L886.79 120.422C886.637 120.229 886.561 119.393 886.569 118.627C886.572 118.459 886.575 118.289 886.579 118.116C886.579 118.109 886.58 118.103 886.58 118.096C886.581 118.077 886.586 118.019 886.588 118C886.667 116.724 886.189 115.033 885.866 113.167C885.796 112.723 885.727 112.261 885.726 111.678C885.729 111.385 885.742 111.052 885.859 110.616C885.971 110.201 886.254 109.546 886.917 109.103C887.205 108.913 887.436 108.832 887.621 108.773C888.277 108.591 888.562 108.605 888.862 108.566C889.147 108.537 889.378 108.51 889.584 108.47C889.994 108.392 890.287 108.278 890.546 108.1C890.644 108.033 890.74 107.966 890.837 107.901C890.972 107.808 891.106 107.717 891.238 107.628C892.626 106.704 893.739 105.883 894.17 104.972C894.198 104.917 894.224 104.861 894.249 104.803C894.28 104.731 894.311 104.659 894.342 104.589C894.356 104.549 894.37 104.509 894.384 104.469C894.877 103.112 895.303 101.98 895.425 101.317C895.54 100.754 895.578 100.498 895.596 100.302C895.598 100.286 895.599 100.27 895.599 100.254C895.586 100.143 895.572 100.036 895.556 99.9324C895.532 99.7794 895.504 99.6335 895.465 99.4912C895.425 99.3448 895.367 99.1484 895.292 98.9178C894.991 97.962 894.374 96.5282 893.52 95.5042C893.431 95.3943 893.338 95.2825 893.237 95.1694C893.165 95.092 893.092 95.0133 893.019 94.9338C892.651 94.5315 892.281 94.1085 891.925 93.7085C891.13 92.8083 890.376 92.0399 889.927 91.7469C889.147 91.2248 888.298 90.6246 887.492 90.2009C886.728 89.7919 886.007 89.5393 885.575 89.5038C885.502 89.4976 885.43 89.4902 885.36 89.4815C885.264 89.4686 885.17 89.4532 885.077 89.4356C884.704 89.3648 884.326 89.2521 883.846 89.111C883.357 88.9677 882.761 88.7944 881.94 88.6068C880.989 88.3901 880.33 88.2043 879.763 88.0487C878.971 87.8321 878.367 87.673 877.448 87.6302C876.429 87.5834 875.384 87.5286 874.583 87.4413C874.218 87.4009 873.8 87.3847 873.377 87.3887C872.906 87.3928 872.429 87.4236 872.013 87.466C871.955 87.4722 871.897 87.4783 871.838 87.4841C871.808 87.4872 871.777 87.4902 871.746 87.4931C871.282 87.5365 870.885 87.528 870.534 87.5242C870.424 87.523 870.32 87.5223 870.218 87.5244C869.851 87.6012 869.485 87.6844 869.121 87.7746C869.066 87.8014 869.007 87.8305 868.946 87.8609C868.641 88.0137 868.269 88.2049 867.801 88.389C867.062 88.6812 866.398 88.859 865.714 89.0805C865.183 89.2541 864.637 89.4544 864.081 89.7787C863.704 89.9994 863.308 90.2913 862.979 90.6003C862.779 90.7876 862.605 90.9799 862.464 91.1598C862.43 91.2017 862.396 91.2429 862.363 91.2835C862.119 91.5809 861.892 91.8507 861.696 92.0551C861.553 92.2041 861.4 92.3036 861.25 92.4025C861.249 92.4028 861.248 92.4032 861.247 92.4036C861.237 92.4105 861.227 92.4174 861.217 92.4242C860.395 93.4702 859.625 94.5496 858.96 95.6567C858.911 95.7566 858.86 95.8617 858.813 95.9629C858.577 96.4603 858.378 96.9442 858.304 97.286C858.224 97.654 857.867 98.4855 857.66 99.3281C857.521 99.8778 857.451 100.427 857.471 100.84C857.481 101.082 857.411 101.288 857.352 101.509C857.298 101.713 857.255 101.929 857.31 102.149C857.317 102.179 857.327 102.21 857.338 102.241C857.346 102.267 857.355 102.292 857.365 102.318C857.392 102.393 857.424 102.468 857.458 102.541C857.513 102.661 857.573 102.777 857.627 102.889C857.677 102.993 857.725 103.235 857.808 103.459C857.859 103.598 857.92 103.728 858.004 103.841C858.063 103.885 858.123 103.922 858.189 103.955C858.213 103.97 858.239 103.985 858.264 104C858.91 104.385 859.561 104.768 860.214 105.145C860.415 105.204 860.601 105.235 860.766 105.228C860.884 105.223 860.996 105.199 861.111 105.174C861.266 105.14 861.427 105.106 861.613 105.115C861.759 105.122 861.903 105.178 861.976 105.257C862.01 105.294 862.029 105.336 862.046 105.374C862.066 105.417 862.084 105.455 862.12 105.476C862.145 105.491 862.181 105.491 862.225 105.491C862.296 105.491 862.385 105.49 862.49 105.551C862.877 105.776 863.308 106.045 863.721 106.288C864.104 106.513 864.475 106.716 864.767 106.846C864.777 106.85 864.788 106.855 864.798 106.859C864.861 106.887 864.923 106.913 864.983 106.937C865.443 107.126 866.067 107.474 866.7 107.811C867.142 108.047 867.587 108.277 867.977 108.451C868.36 108.622 868.776 108.746 869.179 108.862C869.663 109.001 870.128 109.128 870.5 109.312C870.575 109.349 870.653 109.444 870.754 109.563C870.825 109.647 870.907 109.742 871.006 109.837C871.504 109.996 872.002 110.147 872.5 110.286C872.519 110.282 872.539 110.278 872.56 110.275C872.56 110.275 872.56 110.274 872.561 110.274C873.018 110.188 873.623 110.073 874.361 110.378C874.51 110.439 874.613 110.511 874.698 110.581C874.71 110.591 874.723 110.601 874.735 110.612C874.743 110.619 874.751 110.626 874.759 110.633C874.853 110.714 874.938 110.787 875.075 110.818C875.231 110.853 875.424 110.835 875.636 110.811C875.934 110.777 876.269 110.732 876.612 110.813C876.635 110.818 876.66 110.824 876.687 110.83C876.936 110.888 877.315 110.967 877.709 111.114C878.888 111.269 880.162 110.976 882.05 112.219C882.175 112.317 882.296 112.426 882.409 112.544C882.426 112.562 882.442 112.58 882.459 112.598C883.462 113.833 883.516 114.551 883.906 115.042C883.915 115.055 883.925 115.068 883.934 115.081C884.486 115.854 885.029 116.631 885.566 117.41C886.106 118.193 886.502 119.026 886.672 119.726C886.839 120.426 886.78 120.935 886.487 121.185C886.195 121.436 885.647 121.359 885.007 120.994C884.365 120.628 883.681 120.013 883.081 119.291C882.484 118.572 881.886 117.86 881.281 117.151C881.271 117.139 881.261 117.127 881.251 117.115C880.735 116.502 880.378 115.816 880.129 115.418C880.09 115.366 880.054 115.32 880.022 115.28C879.929 115.167 879.854 115.123 879.816 115.133C879.814 115.134 879.811 115.135 879.809 115.135C879.824 115.226 879.81 115.273 879.686 115.301C879.64 115.312 879.581 115.322 879.513 115.332Z" fill="#F5F0EA"/>
</g>
<path d="M814.172 179.762H815.895V190.168C815.895 191.402 815.918 192.172 815.965 192.477C816.051 193.156 816.25 193.727 816.562 194.188C816.875 194.641 817.355 195.023 818.004 195.336C818.652 195.641 819.305 195.793 819.961 195.793C820.531 195.793 821.078 195.672 821.602 195.43C822.125 195.188 822.562 194.852 822.914 194.422C823.266 193.992 823.523 193.473 823.688 192.863C823.805 192.426 823.863 191.527 823.863 190.168V179.762H825.586V190.168C825.586 191.707 825.434 192.953 825.129 193.906C824.832 194.852 824.23 195.676 823.324 196.379C822.426 197.082 821.336 197.434 820.055 197.434C818.664 197.434 817.473 197.102 816.48 196.438C815.488 195.773 814.824 194.895 814.488 193.801C814.277 193.129 814.172 191.918 814.172 190.168V179.762ZM829.57 184.25H831.211V186.535C831.867 185.66 832.594 185.008 833.391 184.578C834.188 184.141 835.055 183.922 835.992 183.922C836.945 183.922 837.789 184.164 838.523 184.648C839.266 185.133 839.812 185.785 840.164 186.605C840.516 187.426 840.691 188.703 840.691 190.438V197H839.062V190.918C839.062 189.449 839 188.469 838.875 187.977C838.68 187.133 838.312 186.5 837.773 186.078C837.234 185.648 836.531 185.434 835.664 185.434C834.672 185.434 833.781 185.762 832.992 186.418C832.211 187.074 831.695 187.887 831.445 188.855C831.289 189.488 831.211 190.645 831.211 192.324V197H829.57V184.25ZM856.945 179.328V197H855.328V194.809C854.641 195.645 853.867 196.273 853.008 196.695C852.156 197.117 851.223 197.328 850.207 197.328C848.402 197.328 846.859 196.676 845.578 195.371C844.305 194.059 843.668 192.465 843.668 190.59C843.668 188.754 844.312 187.184 845.602 185.879C846.891 184.574 848.441 183.922 850.254 183.922C851.301 183.922 852.246 184.145 853.09 184.59C853.941 185.035 854.688 185.703 855.328 186.594V179.328H856.945ZM850.383 185.504C849.469 185.504 848.625 185.73 847.852 186.184C847.078 186.629 846.461 187.258 846 188.07C845.547 188.883 845.32 189.742 845.32 190.648C845.32 191.547 845.551 192.406 846.012 193.227C846.473 194.047 847.09 194.688 847.863 195.148C848.645 195.602 849.48 195.828 850.371 195.828C851.27 195.828 852.121 195.602 852.926 195.148C853.73 194.695 854.348 194.082 854.777 193.309C855.215 192.535 855.434 191.664 855.434 190.695C855.434 189.219 854.945 187.984 853.969 186.992C853 186 851.805 185.504 850.383 185.504ZM871.406 192.77L872.789 193.496C872.336 194.387 871.812 195.105 871.219 195.652C870.625 196.199 869.957 196.617 869.215 196.906C868.473 197.188 867.633 197.328 866.695 197.328C864.617 197.328 862.992 196.648 861.82 195.289C860.648 193.922 860.062 192.379 860.062 190.66C860.062 189.043 860.559 187.602 861.551 186.336C862.809 184.727 864.492 183.922 866.602 183.922C868.773 183.922 870.508 184.746 871.805 186.395C872.727 187.559 873.195 189.012 873.211 190.754H861.75C861.781 192.238 862.254 193.457 863.168 194.41C864.082 195.355 865.211 195.828 866.555 195.828C867.203 195.828 867.832 195.715 868.441 195.488C869.059 195.262 869.582 194.961 870.012 194.586C870.441 194.211 870.906 193.605 871.406 192.77ZM871.406 189.336C871.188 188.461 870.867 187.762 870.445 187.238C870.031 186.715 869.48 186.293 868.793 185.973C868.105 185.652 867.383 185.492 866.625 185.492C865.375 185.492 864.301 185.895 863.402 186.699C862.746 187.285 862.25 188.164 861.914 189.336H871.406ZM875.66 184.25H877.336V186.113C877.836 185.379 878.363 184.832 878.918 184.473C879.473 184.105 880.051 183.922 880.652 183.922C881.105 183.922 881.59 184.066 882.105 184.355L881.25 185.738C880.906 185.59 880.617 185.516 880.383 185.516C879.836 185.516 879.309 185.742 878.801 186.195C878.293 186.641 877.906 187.336 877.641 188.281C877.438 189.008 877.336 190.477 877.336 192.688V197H875.66V184.25ZM889.91 185.645L888.855 186.734C887.98 185.883 887.125 185.457 886.289 185.457C885.758 185.457 885.301 185.633 884.918 185.984C884.543 186.336 884.355 186.746 884.355 187.215C884.355 187.629 884.512 188.023 884.824 188.398C885.137 188.781 885.793 189.23 886.793 189.746C888.012 190.379 888.84 190.988 889.277 191.574C889.707 192.168 889.922 192.836 889.922 193.578C889.922 194.625 889.555 195.512 888.82 196.238C888.086 196.965 887.168 197.328 886.066 197.328C885.332 197.328 884.629 197.168 883.957 196.848C883.293 196.527 882.742 196.086 882.305 195.523L883.336 194.352C884.172 195.297 885.059 195.77 885.996 195.77C886.652 195.77 887.211 195.559 887.672 195.137C888.133 194.715 888.363 194.219 888.363 193.648C888.363 193.18 888.211 192.762 887.906 192.395C887.602 192.035 886.914 191.582 885.844 191.035C884.695 190.441 883.914 189.855 883.5 189.277C883.086 188.699 882.879 188.039 882.879 187.297C882.879 186.328 883.207 185.523 883.863 184.883C884.527 184.242 885.363 183.922 886.371 183.922C887.543 183.922 888.723 184.496 889.91 185.645ZM894.258 179.516H895.91V184.25H898.512V185.656H895.91V197H894.258V185.656H892.02V184.25H894.258V179.516ZM913.664 184.25V197H912.047V194.809C911.359 195.645 910.586 196.273 909.727 196.695C908.875 197.117 907.941 197.328 906.926 197.328C905.121 197.328 903.578 196.676 902.297 195.371C901.023 194.059 900.387 192.465 900.387 190.59C900.387 188.754 901.031 187.184 902.32 185.879C903.609 184.574 905.16 183.922 906.973 183.922C908.02 183.922 908.965 184.145 909.809 184.59C910.66 185.035 911.406 185.703 912.047 186.594V184.25H913.664ZM907.102 185.504C906.188 185.504 905.344 185.73 904.57 186.184C903.797 186.629 903.18 187.258 902.719 188.07C902.266 188.883 902.039 189.742 902.039 190.648C902.039 191.547 902.27 192.406 902.73 193.227C903.191 194.047 903.809 194.688 904.582 195.148C905.363 195.602 906.199 195.828 907.09 195.828C907.988 195.828 908.84 195.602 909.645 195.148C910.449 194.695 911.066 194.082 911.496 193.309C911.934 192.535 912.152 191.664 912.152 190.695C912.152 189.219 911.664 187.984 910.688 186.992C909.719 186 908.523 185.504 907.102 185.504ZM917.367 184.25H919.008V186.535C919.664 185.66 920.391 185.008 921.188 184.578C921.984 184.141 922.852 183.922 923.789 183.922C924.742 183.922 925.586 184.164 926.32 184.648C927.062 185.133 927.609 185.785 927.961 186.605C928.312 187.426 928.488 188.703 928.488 190.438V197H926.859V190.918C926.859 189.449 926.797 188.469 926.672 187.977C926.477 187.133 926.109 186.5 925.57 186.078C925.031 185.648 924.328 185.434 923.461 185.434C922.469 185.434 921.578 185.762 920.789 186.418C920.008 187.074 919.492 187.887 919.242 188.855C919.086 189.488 919.008 190.645 919.008 192.324V197H917.367V184.25ZM944.742 179.328V197H943.125V194.809C942.438 195.645 941.664 196.273 940.805 196.695C939.953 197.117 939.02 197.328 938.004 197.328C936.199 197.328 934.656 196.676 933.375 195.371C932.102 194.059 931.465 192.465 931.465 190.59C931.465 188.754 932.109 187.184 933.398 185.879C934.688 184.574 936.238 183.922 938.051 183.922C939.098 183.922 940.043 184.145 940.887 184.59C941.738 185.035 942.484 185.703 943.125 186.594V179.328H944.742ZM938.18 185.504C937.266 185.504 936.422 185.73 935.648 186.184C934.875 186.629 934.258 187.258 933.797 188.07C933.344 188.883 933.117 189.742 933.117 190.648C933.117 191.547 933.348 192.406 933.809 193.227C934.27 194.047 934.887 194.688 935.66 195.148C936.441 195.602 937.277 195.828 938.168 195.828C939.066 195.828 939.918 195.602 940.723 195.148C941.527 194.695 942.145 194.082 942.574 193.309C943.012 192.535 943.23 191.664 943.23 190.695C943.23 189.219 942.742 187.984 941.766 186.992C940.797 186 939.602 185.504 938.18 185.504Z" fill="#F5F0EA"/>
<path d="M722.109 223.508H728.695V224.641H723.258V228.234H728.648V229.359H723.258V233.867H728.648V235H722.109V223.508ZM729.531 226.5H730.844L733.094 229.648L735.344 226.5H736.656L733.75 230.539L737.023 235H735.695L733.094 231.43L730.531 235H729.227L732.445 230.539L729.531 226.5ZM738.203 226.5H739.289V228.062C739.721 227.469 740.219 227.023 740.781 226.727C741.344 226.43 741.971 226.281 742.664 226.281C743.872 226.281 744.906 226.716 745.766 227.586C746.625 228.456 747.055 229.503 747.055 230.727C747.055 231.977 746.628 233.039 745.773 233.914C744.924 234.784 743.898 235.219 742.695 235.219C742.018 235.219 741.396 235.078 740.828 234.797C740.26 234.516 739.747 234.096 739.289 233.539V238.109H738.203V226.5ZM742.578 227.336C741.63 227.336 740.831 227.667 740.18 228.328C739.534 228.99 739.211 229.812 739.211 230.797C739.211 231.443 739.354 232.023 739.641 232.539C739.932 233.055 740.346 233.464 740.883 233.766C741.424 234.068 741.995 234.219 742.594 234.219C743.182 234.219 743.734 234.068 744.25 233.766C744.771 233.458 745.185 233.031 745.492 232.484C745.799 231.938 745.953 231.365 745.953 230.766C745.953 230.161 745.799 229.589 745.492 229.047C745.19 228.505 744.781 228.086 744.266 227.789C743.75 227.487 743.188 227.336 742.578 227.336ZM748.945 223.219H750.039V235H748.945V223.219ZM756.336 226.281C757.643 226.281 758.727 226.755 759.586 227.703C760.367 228.568 760.758 229.591 760.758 230.773C760.758 231.961 760.344 233 759.516 233.891C758.693 234.776 757.633 235.219 756.336 235.219C755.034 235.219 753.969 234.776 753.141 233.891C752.318 233 751.906 231.961 751.906 230.773C751.906 229.596 752.297 228.576 753.078 227.711C753.938 226.758 755.023 226.281 756.336 226.281ZM756.336 227.352C755.43 227.352 754.651 227.688 754 228.359C753.349 229.031 753.023 229.844 753.023 230.797C753.023 231.411 753.172 231.984 753.469 232.516C753.766 233.047 754.167 233.458 754.672 233.75C755.177 234.036 755.732 234.18 756.336 234.18C756.94 234.18 757.495 234.036 758 233.75C758.505 233.458 758.906 233.047 759.203 232.516C759.5 231.984 759.648 231.411 759.648 230.797C759.648 229.844 759.32 229.031 758.664 228.359C758.013 227.688 757.237 227.352 756.336 227.352ZM762.383 226.5H763.5V227.742C763.833 227.253 764.185 226.888 764.555 226.648C764.924 226.404 765.31 226.281 765.711 226.281C766.013 226.281 766.336 226.378 766.68 226.57L766.109 227.492C765.88 227.393 765.688 227.344 765.531 227.344C765.167 227.344 764.815 227.495 764.477 227.797C764.138 228.094 763.88 228.557 763.703 229.188C763.568 229.672 763.5 230.651 763.5 232.125V235H762.383V226.5ZM774.766 232.18L775.688 232.664C775.385 233.258 775.036 233.737 774.641 234.102C774.245 234.466 773.799 234.745 773.305 234.938C772.81 235.125 772.25 235.219 771.625 235.219C770.24 235.219 769.156 234.766 768.375 233.859C767.594 232.948 767.203 231.919 767.203 230.773C767.203 229.695 767.534 228.734 768.195 227.891C769.034 226.818 770.156 226.281 771.562 226.281C773.01 226.281 774.167 226.831 775.031 227.93C775.646 228.706 775.958 229.674 775.969 230.836H768.328C768.349 231.826 768.664 232.638 769.273 233.273C769.883 233.904 770.635 234.219 771.531 234.219C771.964 234.219 772.383 234.143 772.789 233.992C773.201 233.841 773.549 233.641 773.836 233.391C774.122 233.141 774.432 232.737 774.766 232.18ZM774.766 229.891C774.62 229.307 774.406 228.841 774.125 228.492C773.849 228.143 773.482 227.862 773.023 227.648C772.565 227.435 772.083 227.328 771.578 227.328C770.745 227.328 770.029 227.596 769.43 228.133C768.992 228.523 768.661 229.109 768.438 229.891H774.766ZM781.539 226.5H782.695L785.617 233.047L788.453 226.5H789.617L784.547 238.109H783.391L785.031 234.359L781.539 226.5ZM795.055 226.281C796.362 226.281 797.445 226.755 798.305 227.703C799.086 228.568 799.477 229.591 799.477 230.773C799.477 231.961 799.062 233 798.234 233.891C797.411 234.776 796.352 235.219 795.055 235.219C793.753 235.219 792.688 234.776 791.859 233.891C791.036 233 790.625 231.961 790.625 230.773C790.625 229.596 791.016 228.576 791.797 227.711C792.656 226.758 793.742 226.281 795.055 226.281ZM795.055 227.352C794.148 227.352 793.37 227.688 792.719 228.359C792.068 229.031 791.742 229.844 791.742 230.797C791.742 231.411 791.891 231.984 792.188 232.516C792.484 233.047 792.885 233.458 793.391 233.75C793.896 234.036 794.451 234.18 795.055 234.18C795.659 234.18 796.214 234.036 796.719 233.75C797.224 233.458 797.625 233.047 797.922 232.516C798.219 231.984 798.367 231.411 798.367 230.797C798.367 229.844 798.039 229.031 797.383 228.359C796.732 227.688 795.956 227.352 795.055 227.352ZM801.375 226.5H802.477V230.469C802.477 231.438 802.529 232.104 802.633 232.469C802.789 232.99 803.086 233.401 803.523 233.703C803.966 234.005 804.492 234.156 805.102 234.156C805.711 234.156 806.227 234.01 806.648 233.719C807.076 233.422 807.37 233.034 807.531 232.555C807.641 232.227 807.695 231.531 807.695 230.469V226.5H808.812V230.672C808.812 231.844 808.674 232.727 808.398 233.32C808.128 233.914 807.716 234.38 807.164 234.719C806.617 235.052 805.93 235.219 805.102 235.219C804.273 235.219 803.581 235.052 803.023 234.719C802.471 234.38 802.057 233.911 801.781 233.312C801.51 232.708 801.375 231.802 801.375 230.594V226.5ZM810.836 226.5H811.953V227.742C812.286 227.253 812.638 226.888 813.008 226.648C813.378 226.404 813.763 226.281 814.164 226.281C814.466 226.281 814.789 226.378 815.133 226.57L814.562 227.492C814.333 227.393 814.141 227.344 813.984 227.344C813.62 227.344 813.268 227.495 812.93 227.797C812.591 228.094 812.333 228.557 812.156 229.188C812.021 229.672 811.953 230.651 811.953 232.125V235H810.836V226.5ZM824.773 227.43L824.07 228.156C823.487 227.589 822.917 227.305 822.359 227.305C822.005 227.305 821.701 227.422 821.445 227.656C821.195 227.891 821.07 228.164 821.07 228.477C821.07 228.753 821.174 229.016 821.383 229.266C821.591 229.521 822.029 229.82 822.695 230.164C823.508 230.586 824.06 230.992 824.352 231.383C824.638 231.779 824.781 232.224 824.781 232.719C824.781 233.417 824.536 234.008 824.047 234.492C823.557 234.977 822.945 235.219 822.211 235.219C821.721 235.219 821.253 235.112 820.805 234.898C820.362 234.685 819.995 234.391 819.703 234.016L820.391 233.234C820.948 233.865 821.539 234.18 822.164 234.18C822.602 234.18 822.974 234.039 823.281 233.758C823.589 233.477 823.742 233.146 823.742 232.766C823.742 232.453 823.641 232.174 823.438 231.93C823.234 231.69 822.776 231.388 822.062 231.023C821.297 230.628 820.776 230.237 820.5 229.852C820.224 229.466 820.086 229.026 820.086 228.531C820.086 227.885 820.305 227.349 820.742 226.922C821.185 226.495 821.742 226.281 822.414 226.281C823.195 226.281 823.982 226.664 824.773 227.43ZM827.102 223C827.352 223 827.565 223.089 827.742 223.266C827.919 223.443 828.008 223.656 828.008 223.906C828.008 224.151 827.919 224.362 827.742 224.539C827.565 224.716 827.352 224.805 827.102 224.805C826.857 224.805 826.646 224.716 826.469 224.539C826.292 224.362 826.203 224.151 826.203 223.906C826.203 223.656 826.292 223.443 826.469 223.266C826.646 223.089 826.857 223 827.102 223ZM826.555 226.5H827.656V235H826.555V226.5ZM830.875 223.344H831.977V226.5H833.711V227.438H831.977V235H830.875V227.438H829.383V226.5H830.875V223.344ZM835.203 226.5H836.305V230.469C836.305 231.438 836.357 232.104 836.461 232.469C836.617 232.99 836.914 233.401 837.352 233.703C837.794 234.005 838.32 234.156 838.93 234.156C839.539 234.156 840.055 234.01 840.477 233.719C840.904 233.422 841.198 233.034 841.359 232.555C841.469 232.227 841.523 231.531 841.523 230.469V226.5H842.641V230.672C842.641 231.844 842.503 232.727 842.227 233.32C841.956 233.914 841.544 234.38 840.992 234.719C840.445 235.052 839.758 235.219 838.93 235.219C838.102 235.219 837.409 235.052 836.852 234.719C836.299 234.38 835.885 233.911 835.609 233.312C835.339 232.708 835.203 231.802 835.203 230.594V226.5ZM853.547 226.5V235H852.469V233.539C852.01 234.096 851.495 234.516 850.922 234.797C850.354 235.078 849.732 235.219 849.055 235.219C847.852 235.219 846.823 234.784 845.969 233.914C845.12 233.039 844.695 231.977 844.695 230.727C844.695 229.503 845.125 228.456 845.984 227.586C846.844 226.716 847.878 226.281 849.086 226.281C849.784 226.281 850.414 226.43 850.977 226.727C851.544 227.023 852.042 227.469 852.469 228.062V226.5H853.547ZM849.172 227.336C848.562 227.336 848 227.487 847.484 227.789C846.969 228.086 846.557 228.505 846.25 229.047C845.948 229.589 845.797 230.161 845.797 230.766C845.797 231.365 845.951 231.938 846.258 232.484C846.565 233.031 846.977 233.458 847.492 233.766C848.013 234.068 848.57 234.219 849.164 234.219C849.763 234.219 850.331 234.068 850.867 233.766C851.404 233.464 851.815 233.055 852.102 232.539C852.393 232.023 852.539 231.443 852.539 230.797C852.539 229.812 852.214 228.99 851.562 228.328C850.917 227.667 850.12 227.336 849.172 227.336ZM856.969 223.344H858.07V226.5H859.805V227.438H858.07V235H856.969V227.438H855.477V226.5H856.969V223.344ZM861.82 223C862.07 223 862.284 223.089 862.461 223.266C862.638 223.443 862.727 223.656 862.727 223.906C862.727 224.151 862.638 224.362 862.461 224.539C862.284 224.716 862.07 224.805 861.82 224.805C861.576 224.805 861.365 224.716 861.188 224.539C861.01 224.362 860.922 224.151 860.922 223.906C860.922 223.656 861.01 223.443 861.188 223.266C861.365 223.089 861.576 223 861.82 223ZM861.273 226.5H862.375V235H861.273V226.5ZM868.664 226.281C869.971 226.281 871.055 226.755 871.914 227.703C872.695 228.568 873.086 229.591 873.086 230.773C873.086 231.961 872.672 233 871.844 233.891C871.021 234.776 869.961 235.219 868.664 235.219C867.362 235.219 866.297 234.776 865.469 233.891C864.646 233 864.234 231.961 864.234 230.773C864.234 229.596 864.625 228.576 865.406 227.711C866.266 226.758 867.352 226.281 868.664 226.281ZM868.664 227.352C867.758 227.352 866.979 227.688 866.328 228.359C865.677 229.031 865.352 229.844 865.352 230.797C865.352 231.411 865.5 231.984 865.797 232.516C866.094 233.047 866.495 233.458 867 233.75C867.505 234.036 868.06 234.18 868.664 234.18C869.268 234.18 869.823 234.036 870.328 233.75C870.833 233.458 871.234 233.047 871.531 232.516C871.828 231.984 871.977 231.411 871.977 230.797C871.977 229.844 871.648 229.031 870.992 228.359C870.341 227.688 869.565 227.352 868.664 227.352ZM875.125 226.5H876.219V228.023C876.656 227.44 877.141 227.005 877.672 226.719C878.203 226.427 878.781 226.281 879.406 226.281C880.042 226.281 880.604 226.443 881.094 226.766C881.589 227.089 881.953 227.523 882.188 228.07C882.422 228.617 882.539 229.469 882.539 230.625V235H881.453V230.945C881.453 229.966 881.411 229.312 881.328 228.984C881.198 228.422 880.953 228 880.594 227.719C880.234 227.432 879.766 227.289 879.188 227.289C878.526 227.289 877.932 227.508 877.406 227.945C876.885 228.383 876.542 228.924 876.375 229.57C876.271 229.992 876.219 230.763 876.219 231.883V235H875.125V226.5ZM890.281 223.344H891.383V226.5H893.117V227.438H891.383V235H890.281V227.438H888.789V226.5H890.281V223.344ZM894.75 223.219H895.844V228.023C896.286 227.44 896.773 227.005 897.305 226.719C897.836 226.427 898.411 226.281 899.031 226.281C899.667 226.281 900.229 226.443 900.719 226.766C901.214 227.089 901.578 227.523 901.812 228.07C902.047 228.612 902.164 229.464 902.164 230.625V235H901.07V230.945C901.07 229.966 901.031 229.312 900.953 228.984C900.818 228.422 900.57 228 900.211 227.719C899.857 227.432 899.391 227.289 898.812 227.289C898.151 227.289 897.557 227.508 897.031 227.945C896.51 228.383 896.167 228.924 896 229.57C895.896 229.987 895.844 230.758 895.844 231.883V235H894.75V223.219ZM904.102 226.5H905.219V227.742C905.552 227.253 905.904 226.888 906.273 226.648C906.643 226.404 907.029 226.281 907.43 226.281C907.732 226.281 908.055 226.378 908.398 226.57L907.828 227.492C907.599 227.393 907.406 227.344 907.25 227.344C906.885 227.344 906.534 227.495 906.195 227.797C905.857 228.094 905.599 228.557 905.422 229.188C905.286 229.672 905.219 230.651 905.219 232.125V235H904.102V226.5ZM913.352 226.281C914.659 226.281 915.742 226.755 916.602 227.703C917.383 228.568 917.773 229.591 917.773 230.773C917.773 231.961 917.359 233 916.531 233.891C915.708 234.776 914.648 235.219 913.352 235.219C912.049 235.219 910.984 234.776 910.156 233.891C909.333 233 908.922 231.961 908.922 230.773C908.922 229.596 909.312 228.576 910.094 227.711C910.953 226.758 912.039 226.281 913.352 226.281ZM913.352 227.352C912.445 227.352 911.667 227.688 911.016 228.359C910.365 229.031 910.039 229.844 910.039 230.797C910.039 231.411 910.188 231.984 910.484 232.516C910.781 233.047 911.182 233.458 911.688 233.75C912.193 234.036 912.747 234.18 913.352 234.18C913.956 234.18 914.51 234.036 915.016 233.75C915.521 233.458 915.922 233.047 916.219 232.516C916.516 231.984 916.664 231.411 916.664 230.797C916.664 229.844 916.336 229.031 915.68 228.359C915.029 227.688 914.253 227.352 913.352 227.352ZM919.672 226.5H920.773V230.469C920.773 231.438 920.826 232.104 920.93 232.469C921.086 232.99 921.383 233.401 921.82 233.703C922.263 234.005 922.789 234.156 923.398 234.156C924.008 234.156 924.523 234.01 924.945 233.719C925.372 233.422 925.667 233.034 925.828 232.555C925.938 232.227 925.992 231.531 925.992 230.469V226.5H927.109V230.672C927.109 231.844 926.971 232.727 926.695 233.32C926.424 233.914 926.013 234.38 925.461 234.719C924.914 235.052 924.227 235.219 923.398 235.219C922.57 235.219 921.878 235.052 921.32 234.719C920.768 234.38 920.354 233.911 920.078 233.312C919.807 232.708 919.672 231.802 919.672 230.594V226.5ZM936.867 226.5H937.969V233.273C937.969 234.466 937.865 235.339 937.656 235.891C937.37 236.672 936.872 237.273 936.164 237.695C935.456 238.117 934.604 238.328 933.609 238.328C932.88 238.328 932.224 238.224 931.641 238.016C931.062 237.812 930.591 237.536 930.227 237.188C929.862 236.844 929.526 236.339 929.219 235.672H930.406C930.729 236.234 931.146 236.651 931.656 236.922C932.167 237.193 932.799 237.328 933.555 237.328C934.299 237.328 934.927 237.188 935.438 236.906C935.953 236.63 936.32 236.281 936.539 235.859C936.758 235.438 936.867 234.758 936.867 233.82V233.383C936.456 233.904 935.953 234.305 935.359 234.586C934.766 234.862 934.135 235 933.469 235C932.688 235 931.953 234.807 931.266 234.422C930.578 234.031 930.047 233.508 929.672 232.852C929.297 232.195 929.109 231.474 929.109 230.688C929.109 229.901 929.305 229.169 929.695 228.492C930.086 227.81 930.625 227.271 931.312 226.875C932.005 226.479 932.734 226.281 933.5 226.281C934.135 226.281 934.727 226.414 935.273 226.68C935.826 226.94 936.357 227.372 936.867 227.977V226.5ZM933.641 227.336C933.021 227.336 932.445 227.487 931.914 227.789C931.383 228.086 930.966 228.5 930.664 229.031C930.362 229.557 930.211 230.128 930.211 230.742C930.211 231.674 930.523 232.445 931.148 233.055C931.773 233.664 932.583 233.969 933.578 233.969C934.583 233.969 935.391 233.667 936 233.062C936.615 232.458 936.922 231.664 936.922 230.68C936.922 230.039 936.781 229.469 936.5 228.969C936.219 228.464 935.82 228.065 935.305 227.773C934.789 227.482 934.234 227.336 933.641 227.336ZM940.312 223.219H941.406V228.023C941.849 227.44 942.336 227.005 942.867 226.719C943.398 226.427 943.974 226.281 944.594 226.281C945.229 226.281 945.792 226.443 946.281 226.766C946.776 227.089 947.141 227.523 947.375 228.07C947.609 228.612 947.727 229.464 947.727 230.625V235H946.633V230.945C946.633 229.966 946.594 229.312 946.516 228.984C946.38 228.422 946.133 228 945.773 227.719C945.419 227.432 944.953 227.289 944.375 227.289C943.714 227.289 943.12 227.508 942.594 227.945C942.073 228.383 941.729 228.924 941.562 229.57C941.458 229.987 941.406 230.758 941.406 231.883V235H940.312V223.219ZM953.602 226.5H954.758L957.68 233.047L960.516 226.5H961.68L956.609 238.109H955.453L957.094 234.359L953.602 226.5ZM967.117 226.281C968.424 226.281 969.508 226.755 970.367 227.703C971.148 228.568 971.539 229.591 971.539 230.773C971.539 231.961 971.125 233 970.297 233.891C969.474 234.776 968.414 235.219 967.117 235.219C965.815 235.219 964.75 234.776 963.922 233.891C963.099 233 962.688 231.961 962.688 230.773C962.688 229.596 963.078 228.576 963.859 227.711C964.719 226.758 965.805 226.281 967.117 226.281ZM967.117 227.352C966.211 227.352 965.432 227.688 964.781 228.359C964.13 229.031 963.805 229.844 963.805 230.797C963.805 231.411 963.953 231.984 964.25 232.516C964.547 233.047 964.948 233.458 965.453 233.75C965.958 234.036 966.513 234.18 967.117 234.18C967.721 234.18 968.276 234.036 968.781 233.75C969.286 233.458 969.688 233.047 969.984 232.516C970.281 231.984 970.43 231.411 970.43 230.797C970.43 229.844 970.102 229.031 969.445 228.359C968.794 227.688 968.018 227.352 967.117 227.352ZM973.438 226.5H974.539V230.469C974.539 231.438 974.591 232.104 974.695 232.469C974.852 232.99 975.148 233.401 975.586 233.703C976.029 234.005 976.555 234.156 977.164 234.156C977.773 234.156 978.289 234.01 978.711 233.719C979.138 233.422 979.432 233.034 979.594 232.555C979.703 232.227 979.758 231.531 979.758 230.469V226.5H980.875V230.672C980.875 231.844 980.737 232.727 980.461 233.32C980.19 233.914 979.779 234.38 979.227 234.719C978.68 235.052 977.992 235.219 977.164 235.219C976.336 235.219 975.643 235.052 975.086 234.719C974.534 234.38 974.12 233.911 973.844 233.312C973.573 232.708 973.438 231.802 973.438 230.594V226.5ZM982.898 226.5H984.016V227.742C984.349 227.253 984.701 226.888 985.07 226.648C985.44 226.404 985.826 226.281 986.227 226.281C986.529 226.281 986.852 226.378 987.195 226.57L986.625 227.492C986.396 227.393 986.203 227.344 986.047 227.344C985.682 227.344 985.331 227.495 984.992 227.797C984.654 228.094 984.396 228.557 984.219 229.188C984.083 229.672 984.016 230.651 984.016 232.125V235H982.898V226.5ZM996.836 227.43L996.133 228.156C995.549 227.589 994.979 227.305 994.422 227.305C994.068 227.305 993.763 227.422 993.508 227.656C993.258 227.891 993.133 228.164 993.133 228.477C993.133 228.753 993.237 229.016 993.445 229.266C993.654 229.521 994.091 229.82 994.758 230.164C995.57 230.586 996.122 230.992 996.414 231.383C996.701 231.779 996.844 232.224 996.844 232.719C996.844 233.417 996.599 234.008 996.109 234.492C995.62 234.977 995.008 235.219 994.273 235.219C993.784 235.219 993.315 235.112 992.867 234.898C992.424 234.685 992.057 234.391 991.766 234.016L992.453 233.234C993.01 233.865 993.602 234.18 994.227 234.18C994.664 234.18 995.036 234.039 995.344 233.758C995.651 233.477 995.805 233.146 995.805 232.766C995.805 232.453 995.703 232.174 995.5 231.93C995.297 231.69 994.839 231.388 994.125 231.023C993.359 230.628 992.839 230.237 992.562 229.852C992.286 229.466 992.148 229.026 992.148 228.531C992.148 227.885 992.367 227.349 992.805 226.922C993.247 226.495 993.805 226.281 994.477 226.281C995.258 226.281 996.044 226.664 996.836 227.43ZM999.734 223.344H1000.84V226.5H1002.57V227.438H1000.84V235H999.734V227.438H998.242V226.5H999.734V223.344ZM1008.23 226.281C1009.53 226.281 1010.62 226.755 1011.48 227.703C1012.26 228.568 1012.65 229.591 1012.65 230.773C1012.65 231.961 1012.23 233 1011.41 233.891C1010.58 234.776 1009.52 235.219 1008.23 235.219C1006.92 235.219 1005.86 234.776 1005.03 233.891C1004.21 233 1003.8 231.961 1003.8 230.773C1003.8 229.596 1004.19 228.576 1004.97 227.711C1005.83 226.758 1006.91 226.281 1008.23 226.281ZM1008.23 227.352C1007.32 227.352 1006.54 227.688 1005.89 228.359C1005.24 229.031 1004.91 229.844 1004.91 230.797C1004.91 231.411 1005.06 231.984 1005.36 232.516C1005.66 233.047 1006.06 233.458 1006.56 233.75C1007.07 234.036 1007.62 234.18 1008.23 234.18C1008.83 234.18 1009.39 234.036 1009.89 233.75C1010.4 233.458 1010.8 233.047 1011.09 232.516C1011.39 231.984 1011.54 231.411 1011.54 230.797C1011.54 229.844 1011.21 229.031 1010.55 228.359C1009.9 227.688 1009.13 227.352 1008.23 227.352ZM1014.27 226.5H1015.39V227.742C1015.72 227.253 1016.08 226.888 1016.45 226.648C1016.82 226.404 1017.2 226.281 1017.6 226.281C1017.9 226.281 1018.23 226.378 1018.57 226.57L1018 227.492C1017.77 227.393 1017.58 227.344 1017.42 227.344C1017.06 227.344 1016.71 227.495 1016.37 227.797C1016.03 228.094 1015.77 228.557 1015.59 229.188C1015.46 229.672 1015.39 230.651 1015.39 232.125V235H1014.27V226.5ZM1018.59 226.5H1019.74L1022.66 233.047L1025.5 226.5H1026.66L1021.59 238.109H1020.44L1022.08 234.359L1018.59 226.5ZM752.625 256.5V265H751.547V263.539C751.089 264.096 750.573 264.516 750 264.797C749.432 265.078 748.81 265.219 748.133 265.219C746.93 265.219 745.901 264.784 745.047 263.914C744.198 263.039 743.773 261.977 743.773 260.727C743.773 259.503 744.203 258.456 745.062 257.586C745.922 256.716 746.956 256.281 748.164 256.281C748.862 256.281 749.492 256.43 750.055 256.727C750.622 257.023 751.12 257.469 751.547 258.062V256.5H752.625ZM748.25 257.336C747.641 257.336 747.078 257.487 746.562 257.789C746.047 258.086 745.635 258.505 745.328 259.047C745.026 259.589 744.875 260.161 744.875 260.766C744.875 261.365 745.029 261.938 745.336 262.484C745.643 263.031 746.055 263.458 746.57 263.766C747.091 264.068 747.648 264.219 748.242 264.219C748.841 264.219 749.409 264.068 749.945 263.766C750.482 263.464 750.893 263.055 751.18 262.539C751.471 262.023 751.617 261.443 751.617 260.797C751.617 259.812 751.292 258.99 750.641 258.328C749.995 257.667 749.198 257.336 748.25 257.336ZM755.094 256.5H756.188V258.023C756.625 257.44 757.109 257.005 757.641 256.719C758.172 256.427 758.75 256.281 759.375 256.281C760.01 256.281 760.573 256.443 761.062 256.766C761.557 257.089 761.922 257.523 762.156 258.07C762.391 258.617 762.508 259.469 762.508 260.625V265H761.422V260.945C761.422 259.966 761.38 259.312 761.297 258.984C761.167 258.422 760.922 258 760.562 257.719C760.203 257.432 759.734 257.289 759.156 257.289C758.495 257.289 757.901 257.508 757.375 257.945C756.854 258.383 756.51 258.924 756.344 259.57C756.24 259.992 756.188 260.763 756.188 261.883V265H755.094V256.5ZM773.344 253.219V265H772.266V263.539C771.807 264.096 771.292 264.516 770.719 264.797C770.151 265.078 769.529 265.219 768.852 265.219C767.648 265.219 766.62 264.784 765.766 263.914C764.917 263.039 764.492 261.977 764.492 260.727C764.492 259.503 764.922 258.456 765.781 257.586C766.641 256.716 767.674 256.281 768.883 256.281C769.581 256.281 770.211 256.43 770.773 256.727C771.341 257.023 771.839 257.469 772.266 258.062V253.219H773.344ZM768.969 257.336C768.359 257.336 767.797 257.487 767.281 257.789C766.766 258.086 766.354 258.505 766.047 259.047C765.745 259.589 765.594 260.161 765.594 260.766C765.594 261.365 765.747 261.938 766.055 262.484C766.362 263.031 766.773 263.458 767.289 263.766C767.81 264.068 768.367 264.219 768.961 264.219C769.56 264.219 770.128 264.068 770.664 263.766C771.201 263.464 771.612 263.055 771.898 262.539C772.19 262.023 772.336 261.443 772.336 260.797C772.336 259.812 772.01 258.99 771.359 258.328C770.714 257.667 769.917 257.336 768.969 257.336ZM783.766 253.219V254.289C783.365 254.117 783.021 254.031 782.734 254.031C782.521 254.031 782.344 254.076 782.203 254.164C782.062 254.247 781.974 254.346 781.938 254.461C781.901 254.57 781.883 254.867 781.883 255.352V256.5H783.656V257.438H781.875V265H780.781V257.438H779.664V256.5H780.781V255.172C780.781 254.562 780.836 254.128 780.945 253.867C781.06 253.607 781.25 253.398 781.516 253.242C781.786 253.081 782.112 253 782.492 253C782.846 253 783.271 253.073 783.766 253.219ZM789.32 256.281C790.628 256.281 791.711 256.755 792.57 257.703C793.352 258.568 793.742 259.591 793.742 260.773C793.742 261.961 793.328 263 792.5 263.891C791.677 264.776 790.617 265.219 789.32 265.219C788.018 265.219 786.953 264.776 786.125 263.891C785.302 263 784.891 261.961 784.891 260.773C784.891 259.596 785.281 258.576 786.062 257.711C786.922 256.758 788.008 256.281 789.32 256.281ZM789.32 257.352C788.414 257.352 787.635 257.688 786.984 258.359C786.333 259.031 786.008 259.844 786.008 260.797C786.008 261.411 786.156 261.984 786.453 262.516C786.75 263.047 787.151 263.458 787.656 263.75C788.161 264.036 788.716 264.18 789.32 264.18C789.924 264.18 790.479 264.036 790.984 263.75C791.49 263.458 791.891 263.047 792.188 262.516C792.484 261.984 792.633 261.411 792.633 260.797C792.633 259.844 792.305 259.031 791.648 258.359C790.997 257.688 790.221 257.352 789.32 257.352ZM795.367 256.5H796.484V257.742C796.818 257.253 797.169 256.888 797.539 256.648C797.909 256.404 798.294 256.281 798.695 256.281C798.997 256.281 799.32 256.378 799.664 256.57L799.094 257.492C798.865 257.393 798.672 257.344 798.516 257.344C798.151 257.344 797.799 257.495 797.461 257.797C797.122 258.094 796.865 258.557 796.688 259.188C796.552 259.672 796.484 260.651 796.484 262.125V265H795.367V256.5ZM800.586 256.5H801.672V257.969C802.052 257.427 802.443 257.031 802.844 256.781C803.396 256.448 803.977 256.281 804.586 256.281C804.997 256.281 805.388 256.362 805.758 256.523C806.128 256.685 806.43 256.901 806.664 257.172C806.898 257.438 807.102 257.82 807.273 258.32C807.638 257.654 808.094 257.148 808.641 256.805C809.188 256.456 809.776 256.281 810.406 256.281C810.995 256.281 811.513 256.43 811.961 256.727C812.414 257.023 812.75 257.438 812.969 257.969C813.188 258.5 813.297 259.297 813.297 260.359V265H812.18V260.359C812.18 259.448 812.115 258.823 811.984 258.484C811.854 258.141 811.63 257.865 811.312 257.656C811 257.448 810.625 257.344 810.188 257.344C809.656 257.344 809.169 257.5 808.727 257.812C808.289 258.125 807.969 258.542 807.766 259.062C807.562 259.583 807.461 260.453 807.461 261.672V265H806.375V260.648C806.375 259.622 806.31 258.927 806.18 258.562C806.055 258.193 805.833 257.898 805.516 257.68C805.198 257.456 804.82 257.344 804.383 257.344C803.878 257.344 803.404 257.497 802.961 257.805C802.523 258.107 802.198 258.516 801.984 259.031C801.776 259.547 801.672 260.336 801.672 261.398V265H800.586V256.5ZM815.469 256.5H816.57V260.469C816.57 261.438 816.622 262.104 816.727 262.469C816.883 262.99 817.18 263.401 817.617 263.703C818.06 264.005 818.586 264.156 819.195 264.156C819.805 264.156 820.32 264.01 820.742 263.719C821.169 263.422 821.464 263.034 821.625 262.555C821.734 262.227 821.789 261.531 821.789 260.469V256.5H822.906V260.672C822.906 261.844 822.768 262.727 822.492 263.32C822.221 263.914 821.81 264.38 821.258 264.719C820.711 265.052 820.023 265.219 819.195 265.219C818.367 265.219 817.674 265.052 817.117 264.719C816.565 264.38 816.151 263.911 815.875 263.312C815.604 262.708 815.469 261.802 815.469 260.594V256.5ZM825.18 253.219H826.273V265H825.18V253.219ZM837.016 256.5V265H835.938V263.539C835.479 264.096 834.964 264.516 834.391 264.797C833.823 265.078 833.201 265.219 832.523 265.219C831.32 265.219 830.292 264.784 829.438 263.914C828.589 263.039 828.164 261.977 828.164 260.727C828.164 259.503 828.594 258.456 829.453 257.586C830.312 256.716 831.346 256.281 832.555 256.281C833.253 256.281 833.883 256.43 834.445 256.727C835.013 257.023 835.51 257.469 835.938 258.062V256.5H837.016ZM832.641 257.336C832.031 257.336 831.469 257.487 830.953 257.789C830.438 258.086 830.026 258.505 829.719 259.047C829.417 259.589 829.266 260.161 829.266 260.766C829.266 261.365 829.419 261.938 829.727 262.484C830.034 263.031 830.445 263.458 830.961 263.766C831.482 264.068 832.039 264.219 832.633 264.219C833.232 264.219 833.799 264.068 834.336 263.766C834.872 263.464 835.284 263.055 835.57 262.539C835.862 262.023 836.008 261.443 836.008 260.797C836.008 259.812 835.682 258.99 835.031 258.328C834.385 257.667 833.589 257.336 832.641 257.336ZM840.438 253.344H841.539V256.5H843.273V257.438H841.539V265H840.438V257.438H838.945V256.5H840.438V253.344ZM852.062 262.18L852.984 262.664C852.682 263.258 852.333 263.737 851.938 264.102C851.542 264.466 851.096 264.745 850.602 264.938C850.107 265.125 849.547 265.219 848.922 265.219C847.536 265.219 846.453 264.766 845.672 263.859C844.891 262.948 844.5 261.919 844.5 260.773C844.5 259.695 844.831 258.734 845.492 257.891C846.331 256.818 847.453 256.281 848.859 256.281C850.307 256.281 851.464 256.831 852.328 257.93C852.943 258.706 853.255 259.674 853.266 260.836H845.625C845.646 261.826 845.961 262.638 846.57 263.273C847.18 263.904 847.932 264.219 848.828 264.219C849.26 264.219 849.68 264.143 850.086 263.992C850.497 263.841 850.846 263.641 851.133 263.391C851.419 263.141 851.729 262.737 852.062 262.18ZM852.062 259.891C851.917 259.307 851.703 258.841 851.422 258.492C851.146 258.143 850.779 257.862 850.32 257.648C849.862 257.435 849.38 257.328 848.875 257.328C848.042 257.328 847.326 257.596 846.727 258.133C846.289 258.523 845.958 259.109 845.734 259.891H852.062ZM858.836 256.5H859.992L862.914 263.047L865.75 256.5H866.914L861.844 268.109H860.688L862.328 264.359L858.836 256.5ZM872.352 256.281C873.659 256.281 874.742 256.755 875.602 257.703C876.383 258.568 876.773 259.591 876.773 260.773C876.773 261.961 876.359 263 875.531 263.891C874.708 264.776 873.648 265.219 872.352 265.219C871.049 265.219 869.984 264.776 869.156 263.891C868.333 263 867.922 261.961 867.922 260.773C867.922 259.596 868.312 258.576 869.094 257.711C869.953 256.758 871.039 256.281 872.352 256.281ZM872.352 257.352C871.445 257.352 870.667 257.688 870.016 258.359C869.365 259.031 869.039 259.844 869.039 260.797C869.039 261.411 869.188 261.984 869.484 262.516C869.781 263.047 870.182 263.458 870.688 263.75C871.193 264.036 871.747 264.18 872.352 264.18C872.956 264.18 873.51 264.036 874.016 263.75C874.521 263.458 874.922 263.047 875.219 262.516C875.516 261.984 875.664 261.411 875.664 260.797C875.664 259.844 875.336 259.031 874.68 258.359C874.029 257.688 873.253 257.352 872.352 257.352ZM878.672 256.5H879.773V260.469C879.773 261.438 879.826 262.104 879.93 262.469C880.086 262.99 880.383 263.401 880.82 263.703C881.263 264.005 881.789 264.156 882.398 264.156C883.008 264.156 883.523 264.01 883.945 263.719C884.372 263.422 884.667 263.034 884.828 262.555C884.938 262.227 884.992 261.531 884.992 260.469V256.5H886.109V260.672C886.109 261.844 885.971 262.727 885.695 263.32C885.424 263.914 885.013 264.38 884.461 264.719C883.914 265.052 883.227 265.219 882.398 265.219C881.57 265.219 880.878 265.052 880.32 264.719C879.768 264.38 879.354 263.911 879.078 263.312C878.807 262.708 878.672 261.802 878.672 260.594V256.5ZM888.133 256.5H889.25V257.742C889.583 257.253 889.935 256.888 890.305 256.648C890.674 256.404 891.06 256.281 891.461 256.281C891.763 256.281 892.086 256.378 892.43 256.57L891.859 257.492C891.63 257.393 891.438 257.344 891.281 257.344C890.917 257.344 890.565 257.495 890.227 257.797C889.888 258.094 889.63 258.557 889.453 259.188C889.318 259.672 889.25 260.651 889.25 262.125V265H888.133V256.5ZM897.812 256.5H898.898V258.062C899.331 257.469 899.828 257.023 900.391 256.727C900.953 256.43 901.581 256.281 902.273 256.281C903.482 256.281 904.516 256.716 905.375 257.586C906.234 258.456 906.664 259.503 906.664 260.727C906.664 261.977 906.237 263.039 905.383 263.914C904.534 264.784 903.508 265.219 902.305 265.219C901.628 265.219 901.005 265.078 900.438 264.797C899.87 264.516 899.357 264.096 898.898 263.539V268.109H897.812V256.5ZM902.188 257.336C901.24 257.336 900.44 257.667 899.789 258.328C899.143 258.99 898.82 259.812 898.82 260.797C898.82 261.443 898.964 262.023 899.25 262.539C899.542 263.055 899.956 263.464 900.492 263.766C901.034 264.068 901.604 264.219 902.203 264.219C902.792 264.219 903.344 264.068 903.859 263.766C904.38 263.458 904.794 263.031 905.102 262.484C905.409 261.938 905.562 261.365 905.562 260.766C905.562 260.161 905.409 259.589 905.102 259.047C904.799 258.505 904.391 258.086 903.875 257.789C903.359 257.487 902.797 257.336 902.188 257.336ZM915.875 262.18L916.797 262.664C916.495 263.258 916.146 263.737 915.75 264.102C915.354 264.466 914.909 264.745 914.414 264.938C913.919 265.125 913.359 265.219 912.734 265.219C911.349 265.219 910.266 264.766 909.484 263.859C908.703 262.948 908.312 261.919 908.312 260.773C908.312 259.695 908.643 258.734 909.305 257.891C910.143 256.818 911.266 256.281 912.672 256.281C914.12 256.281 915.276 256.831 916.141 257.93C916.755 258.706 917.068 259.674 917.078 260.836H909.438C909.458 261.826 909.773 262.638 910.383 263.273C910.992 263.904 911.745 264.219 912.641 264.219C913.073 264.219 913.492 264.143 913.898 263.992C914.31 263.841 914.659 263.641 914.945 263.391C915.232 263.141 915.542 262.737 915.875 262.18ZM915.875 259.891C915.729 259.307 915.516 258.841 915.234 258.492C914.958 258.143 914.591 257.862 914.133 257.648C913.674 257.435 913.193 257.328 912.688 257.328C911.854 257.328 911.138 257.596 910.539 258.133C910.102 258.523 909.771 259.109 909.547 259.891H915.875ZM918.711 256.5H919.828V257.742C920.161 257.253 920.513 256.888 920.883 256.648C921.253 256.404 921.638 256.281 922.039 256.281C922.341 256.281 922.664 256.378 923.008 256.57L922.438 257.492C922.208 257.393 922.016 257.344 921.859 257.344C921.495 257.344 921.143 257.495 920.805 257.797C920.466 258.094 920.208 258.557 920.031 259.188C919.896 259.672 919.828 260.651 919.828 262.125V265H918.711V256.5ZM928.211 257.43L927.508 258.156C926.924 257.589 926.354 257.305 925.797 257.305C925.443 257.305 925.138 257.422 924.883 257.656C924.633 257.891 924.508 258.164 924.508 258.477C924.508 258.753 924.612 259.016 924.82 259.266C925.029 259.521 925.466 259.82 926.133 260.164C926.945 260.586 927.497 260.992 927.789 261.383C928.076 261.779 928.219 262.224 928.219 262.719C928.219 263.417 927.974 264.008 927.484 264.492C926.995 264.977 926.383 265.219 925.648 265.219C925.159 265.219 924.69 265.112 924.242 264.898C923.799 264.685 923.432 264.391 923.141 264.016L923.828 263.234C924.385 263.865 924.977 264.18 925.602 264.18C926.039 264.18 926.411 264.039 926.719 263.758C927.026 263.477 927.18 263.146 927.18 262.766C927.18 262.453 927.078 262.174 926.875 261.93C926.672 261.69 926.214 261.388 925.5 261.023C924.734 260.628 924.214 260.237 923.938 259.852C923.661 259.466 923.523 259.026 923.523 258.531C923.523 257.885 923.742 257.349 924.18 256.922C924.622 256.495 925.18 256.281 925.852 256.281C926.633 256.281 927.419 256.664 928.211 257.43ZM934.18 256.281C935.487 256.281 936.57 256.755 937.43 257.703C938.211 258.568 938.602 259.591 938.602 260.773C938.602 261.961 938.188 263 937.359 263.891C936.536 264.776 935.477 265.219 934.18 265.219C932.878 265.219 931.812 264.776 930.984 263.891C930.161 263 929.75 261.961 929.75 260.773C929.75 259.596 930.141 258.576 930.922 257.711C931.781 256.758 932.867 256.281 934.18 256.281ZM934.18 257.352C933.273 257.352 932.495 257.688 931.844 258.359C931.193 259.031 930.867 259.844 930.867 260.797C930.867 261.411 931.016 261.984 931.312 262.516C931.609 263.047 932.01 263.458 932.516 263.75C933.021 264.036 933.576 264.18 934.18 264.18C934.784 264.18 935.339 264.036 935.844 263.75C936.349 263.458 936.75 263.047 937.047 262.516C937.344 261.984 937.492 261.411 937.492 260.797C937.492 259.844 937.164 259.031 936.508 258.359C935.857 257.688 935.081 257.352 934.18 257.352ZM940.641 256.5H941.734V258.023C942.172 257.44 942.656 257.005 943.188 256.719C943.719 256.427 944.297 256.281 944.922 256.281C945.557 256.281 946.12 256.443 946.609 256.766C947.104 257.089 947.469 257.523 947.703 258.07C947.938 258.617 948.055 259.469 948.055 260.625V265H946.969V260.945C946.969 259.966 946.927 259.312 946.844 258.984C946.714 258.422 946.469 258 946.109 257.719C945.75 257.432 945.281 257.289 944.703 257.289C944.042 257.289 943.448 257.508 942.922 257.945C942.401 258.383 942.057 258.924 941.891 259.57C941.786 259.992 941.734 260.763 941.734 261.883V265H940.641V256.5ZM958.875 256.5V265H957.797V263.539C957.339 264.096 956.823 264.516 956.25 264.797C955.682 265.078 955.06 265.219 954.383 265.219C953.18 265.219 952.151 264.784 951.297 263.914C950.448 263.039 950.023 261.977 950.023 260.727C950.023 259.503 950.453 258.456 951.312 257.586C952.172 256.716 953.206 256.281 954.414 256.281C955.112 256.281 955.742 256.43 956.305 256.727C956.872 257.023 957.37 257.469 957.797 258.062V256.5H958.875ZM954.5 257.336C953.891 257.336 953.328 257.487 952.812 257.789C952.297 258.086 951.885 258.505 951.578 259.047C951.276 259.589 951.125 260.161 951.125 260.766C951.125 261.365 951.279 261.938 951.586 262.484C951.893 263.031 952.305 263.458 952.82 263.766C953.341 264.068 953.898 264.219 954.492 264.219C955.091 264.219 955.659 264.068 956.195 263.766C956.732 263.464 957.143 263.055 957.43 262.539C957.721 262.023 957.867 261.443 957.867 260.797C957.867 259.812 957.542 258.99 956.891 258.328C956.245 257.667 955.448 257.336 954.5 257.336ZM961.18 253.219H962.273V265H961.18V253.219ZM977.234 258.266L976.367 258.805C975.617 257.81 974.594 257.312 973.297 257.312C972.26 257.312 971.398 257.646 970.711 258.312C970.029 258.979 969.688 259.789 969.688 260.742C969.688 261.362 969.844 261.945 970.156 262.492C970.474 263.039 970.906 263.464 971.453 263.766C972.005 264.068 972.622 264.219 973.305 264.219C974.555 264.219 975.576 263.721 976.367 262.727L977.234 263.297C976.828 263.906 976.281 264.38 975.594 264.719C974.911 265.052 974.133 265.219 973.258 265.219C971.914 265.219 970.799 264.792 969.914 263.938C969.029 263.083 968.586 262.044 968.586 260.82C968.586 259.997 968.792 259.234 969.203 258.531C969.62 257.823 970.19 257.271 970.914 256.875C971.638 256.479 972.448 256.281 973.344 256.281C973.906 256.281 974.448 256.367 974.969 256.539C975.495 256.711 975.94 256.935 976.305 257.211C976.669 257.487 976.979 257.839 977.234 258.266ZM979.344 253.219H980.438V258.023C980.88 257.44 981.367 257.005 981.898 256.719C982.43 256.427 983.005 256.281 983.625 256.281C984.26 256.281 984.823 256.443 985.312 256.766C985.807 257.089 986.172 257.523 986.406 258.07C986.641 258.612 986.758 259.464 986.758 260.625V265H985.664V260.945C985.664 259.966 985.625 259.312 985.547 258.984C985.411 258.422 985.164 258 984.805 257.719C984.451 257.432 983.984 257.289 983.406 257.289C982.745 257.289 982.151 257.508 981.625 257.945C981.104 258.383 980.76 258.924 980.594 259.57C980.49 259.987 980.438 260.758 980.438 261.883V265H979.344V253.219ZM997.578 256.5V265H996.5V263.539C996.042 264.096 995.526 264.516 994.953 264.797C994.385 265.078 993.763 265.219 993.086 265.219C991.883 265.219 990.854 264.784 990 263.914C989.151 263.039 988.727 261.977 988.727 260.727C988.727 259.503 989.156 258.456 990.016 257.586C990.875 256.716 991.909 256.281 993.117 256.281C993.815 256.281 994.445 256.43 995.008 256.727C995.576 257.023 996.073 257.469 996.5 258.062V256.5H997.578ZM993.203 257.336C992.594 257.336 992.031 257.487 991.516 257.789C991 258.086 990.589 258.505 990.281 259.047C989.979 259.589 989.828 260.161 989.828 260.766C989.828 261.365 989.982 261.938 990.289 262.484C990.596 263.031 991.008 263.458 991.523 263.766C992.044 264.068 992.602 264.219 993.195 264.219C993.794 264.219 994.362 264.068 994.898 263.766C995.435 263.464 995.846 263.055 996.133 262.539C996.424 262.023 996.57 261.443 996.57 260.797C996.57 259.812 996.245 258.99 995.594 258.328C994.948 257.667 994.151 257.336 993.203 257.336ZM999.633 256.5H1000.75V257.742C1001.08 257.253 1001.43 256.888 1001.8 256.648C1002.17 256.404 1002.56 256.281 1002.96 256.281C1003.26 256.281 1003.59 256.378 1003.93 256.57L1003.36 257.492C1003.13 257.393 1002.94 257.344 1002.78 257.344C1002.42 257.344 1002.07 257.495 1001.73 257.797C1001.39 258.094 1001.13 258.557 1000.95 259.188C1000.82 259.672 1000.75 260.651 1000.75 262.125V265H999.633V256.5ZM1005.81 253.344H1006.91V256.5H1008.65V257.438H1006.91V265H1005.81V257.438H1004.32V256.5H1005.81V253.344Z" fill="#F5F0EA"/>
<defs>
<filter id="filter0_d_134_4045" x="199" y="40" width="154" height="154" filterUnits="userSpaceOnUse" color-interpolation-filters="sRGB">
<feFlood flood-opacity="0" result="BackgroundImageFix"/>
<feColorMatrix in="SourceAlpha" type="matrix" values="0 0 0 0 0 0 0 0 0 0 0 0 0 0 0 0 0 0 127 0" result="hardAlpha"/>
<feOffset dy="14"/>
<feGaussianBlur stdDeviation="17"/>
<feComposite in2="hardAlpha" operator="out"/>
<feColorMatrix type="matrix" values="0 0 0 0 0.007143 0 0 0 0 0.0741118 0 0 0 0 0.179769 0 0 0 0.08 0"/>
<feBlend mode="normal" in2="BackgroundImageFix" result="effect1_dropShadow_134_4045"/>
<feBlend mode="normal" in="SourceGraphic" in2="effect1_dropShadow_134_4045" result="shape"/>
</filter>
<filter id="filter1_d_134_4045" x="799" y="40" width="154" height="154" filterUnits="userSpaceOnUse" color-interpolation-filters="sRGB">
<feFlood flood-opacity="0" result="BackgroundImageFix"/>
<feColorMatrix in="SourceAlpha" type="matrix" values="0 0 0 0 0 0 0 0 0 0 0 0 0 0 0 0 0 0 127 0" result="hardAlpha"/>
<feOffset dy="14"/>
<feGaussianBlur stdDeviation="17"/>
<feComposite in2="hardAlpha" operator="out"/>
<feColorMatrix type="matrix" values="0 0 0 0 0.007143 0 0 0 0 0.0741118 0 0 0 0 0.179769 0 0 0 0.08 0"/>
<feBlend mode="normal" in2="BackgroundImageFix" result="effect1_dropShadow_134_4045"/>
<feBlend mode="normal" in="SourceGraphic" in2="effect1_dropShadow_134_4045" result="shape"/>
</filter>
</defs>
</svg>  pls updated  properly stupid this 

</USER_REQUEST>
<ADDITIONAL_METADATA>
The current local time is: 2026-09-15T17:16:37+05:30.

The user's current state is as follows:
Active Document: c:\react project\figma-akashvani\client\src\pages\Home.jsx (LANGUAGE_JAVASCRIPT)
Cursor is on line: 1
Other open documents:
- c:\react project\figma-akashvani\scratch\extract_all_icon_paths.ps1 (LANGUAGE_POWERSHELL)
- c:\react project\figma-akashvani\scratch\extract_icon_paths.ps1 (LANGUAGE_POWERSHELL)
- c:\react project\figma-akashvani\scratch\build_next_section.js (LANGUAGE_JAVASCRIPT)
- c:\react project\figma-akashvani\scratch\embed_soul_img.js (LANGUAGE_JAVASCRIPT)
- c:\react project\figma-akashvani\scratch\embed_soul_png.js (LANGUAGE_JAVASCRIPT)
No browser pages are currently open.
</ADDITIONAL_METADATA>
