<svg width="1440" height="1022" viewBox="0 0 1440 1022" fill="none" xmlns="http://www.w3.org/2000/svg" xmlns:xlink="http://www.w3.org/1999/xlink">
<g clip-path="url(#clip0_134_3969)">
<rect width="1440" height="1022" fill="#031633"/>
<path d="M634.875 161L636.508 149.508H636.695L641.367 158.938L645.992 149.508H646.18L647.828 161H646.695L645.57 152.781L641.508 161H641.219L637.102 152.719L635.984 161H634.875ZM652.305 149C652.555 149 652.768 149.089 652.945 149.266C653.122 149.443 653.211 149.656 653.211 149.906C653.211 150.151 653.122 150.362 652.945 150.539C652.768 150.716 652.555 150.805 652.305 150.805C652.06 150.805 651.849 150.716 651.672 150.539C651.495 150.362 651.406 150.151 651.406 149.906C651.406 149.656 651.495 149.443 651.672 149.266C651.849 149.089 652.06 149 652.305 149ZM651.758 152.5H652.859V161H651.758V152.5ZM657.125 152.5H658.219V154.023C658.656 153.44 659.141 153.005 659.672 152.719C660.203 152.427 660.781 152.281 661.406 152.281C662.042 152.281 662.604 152.443 663.094 152.766C663.589 153.089 663.953 153.523 664.188 154.07C664.422 154.617 664.539 155.469 664.539 156.625V161H663.453V156.945C663.453 155.966 663.411 155.312 663.328 154.984C663.198 154.422 662.953 154 662.594 153.719C662.234 153.432 661.766 153.289 661.188 153.289C660.526 153.289 659.932 153.508 659.406 153.945C658.885 154.383 658.542 154.924 658.375 155.57C658.271 155.992 658.219 156.763 658.219 157.883V161H657.125V152.5ZM677.375 149.219V161H676.297V159.539C675.839 160.096 675.323 160.516 674.75 160.797C674.182 161.078 673.56 161.219 672.883 161.219C671.68 161.219 670.651 160.784 669.797 159.914C668.948 159.039 668.523 157.977 668.523 156.727C668.523 155.503 668.953 154.456 669.812 153.586C670.672 152.716 671.706 152.281 672.914 152.281C673.612 152.281 674.242 152.43 674.805 152.727C675.372 153.023 675.87 153.469 676.297 154.062V149.219H677.375ZM673 153.336C672.391 153.336 671.828 153.487 671.312 153.789C670.797 154.086 670.385 154.505 670.078 155.047C669.776 155.589 669.625 156.161 669.625 156.766C669.625 157.365 669.779 157.938 670.086 158.484C670.393 159.031 670.805 159.458 671.32 159.766C671.841 160.068 672.398 160.219 672.992 160.219C673.591 160.219 674.159 160.068 674.695 159.766C675.232 159.464 675.643 159.055 675.93 158.539C676.221 158.023 676.367 157.443 676.367 156.797C676.367 155.812 676.042 154.99 675.391 154.328C674.745 153.667 673.948 153.336 673 153.336ZM691.781 154.203C692.031 154.203 692.245 154.292 692.422 154.469C692.599 154.646 692.688 154.859 692.688 155.109C692.688 155.359 692.599 155.573 692.422 155.75C692.245 155.927 692.031 156.016 691.781 156.016C691.531 156.016 691.318 155.927 691.141 155.75C690.964 155.573 690.875 155.359 690.875 155.109C690.875 154.859 690.964 154.646 691.141 154.469C691.318 154.292 691.531 154.203 691.781 154.203ZM702.273 149.508H704.539C705.451 149.508 706.151 149.617 706.641 149.836C707.13 150.049 707.516 150.38 707.797 150.828C708.083 151.276 708.227 151.773 708.227 152.32C708.227 152.831 708.102 153.297 707.852 153.719C707.602 154.135 707.234 154.474 706.75 154.734C707.349 154.938 707.81 155.177 708.133 155.453C708.456 155.724 708.706 156.055 708.883 156.445C709.065 156.831 709.156 157.25 709.156 157.703C709.156 158.625 708.818 159.406 708.141 160.047C707.469 160.682 706.565 161 705.43 161H702.273V149.508ZM703.398 150.633V154.312H704.055C704.852 154.312 705.438 154.24 705.812 154.094C706.188 153.943 706.484 153.708 706.703 153.391C706.922 153.068 707.031 152.711 707.031 152.32C707.031 151.794 706.846 151.383 706.477 151.086C706.112 150.784 705.529 150.633 704.727 150.633H703.398ZM703.398 155.469V159.875H704.82C705.659 159.875 706.273 159.794 706.664 159.633C707.055 159.466 707.367 159.208 707.602 158.859C707.841 158.51 707.961 158.133 707.961 157.727C707.961 157.216 707.794 156.771 707.461 156.391C707.128 156.01 706.669 155.75 706.086 155.609C705.695 155.516 705.016 155.469 704.047 155.469H703.398ZM717.273 152.281C718.581 152.281 719.664 152.755 720.523 153.703C721.305 154.568 721.695 155.591 721.695 156.773C721.695 157.961 721.281 159 720.453 159.891C719.63 160.776 718.57 161.219 717.273 161.219C715.971 161.219 714.906 160.776 714.078 159.891C713.255 159 712.844 157.961 712.844 156.773C712.844 155.596 713.234 154.576 714.016 153.711C714.875 152.758 715.961 152.281 717.273 152.281ZM717.273 153.352C716.367 153.352 715.589 153.688 714.938 154.359C714.286 155.031 713.961 155.844 713.961 156.797C713.961 157.411 714.109 157.984 714.406 158.516C714.703 159.047 715.104 159.458 715.609 159.75C716.115 160.036 716.669 160.18 717.273 160.18C717.878 160.18 718.432 160.036 718.938 159.75C719.443 159.458 719.844 159.047 720.141 158.516C720.438 157.984 720.586 157.411 720.586 156.797C720.586 155.844 720.258 155.031 719.602 154.359C718.951 153.688 718.174 153.352 717.273 153.352ZM734.219 149.219V161H733.141V159.539C732.682 160.096 732.167 160.516 731.594 160.797C731.026 161.078 730.404 161.219 729.727 161.219C728.523 161.219 727.495 160.784 726.641 159.914C725.792 159.039 725.367 157.977 725.367 156.727C725.367 155.503 725.797 154.456 726.656 153.586C727.516 152.716 728.549 152.281 729.758 152.281C730.456 152.281 731.086 152.43 731.648 152.727C732.216 153.023 732.714 153.469 733.141 154.062V149.219H734.219ZM729.844 153.336C729.234 153.336 728.672 153.487 728.156 153.789C727.641 154.086 727.229 154.505 726.922 155.047C726.62 155.589 726.469 156.161 726.469 156.766C726.469 157.365 726.622 157.938 726.93 158.484C727.237 159.031 727.648 159.458 728.164 159.766C728.685 160.068 729.242 160.219 729.836 160.219C730.435 160.219 731.003 160.068 731.539 159.766C732.076 159.464 732.487 159.055 732.773 158.539C733.065 158.023 733.211 157.443 733.211 156.797C733.211 155.812 732.885 154.99 732.234 154.328C731.589 153.667 730.792 153.336 729.844 153.336ZM737.789 152.5H738.945L741.867 159.047L744.703 152.5H745.867L740.797 164.109H739.641L741.281 160.359L737.789 152.5ZM759.203 154.203C759.453 154.203 759.667 154.292 759.844 154.469C760.021 154.646 760.109 154.859 760.109 155.109C760.109 155.359 760.021 155.573 759.844 155.75C759.667 155.927 759.453 156.016 759.203 156.016C758.953 156.016 758.74 155.927 758.562 155.75C758.385 155.573 758.297 155.359 758.297 155.109C758.297 154.859 758.385 154.646 758.562 154.469C758.74 154.292 758.953 154.203 759.203 154.203ZM768.477 158.859L769.453 158.273C770.141 159.539 770.935 160.172 771.836 160.172C772.221 160.172 772.583 160.083 772.922 159.906C773.26 159.724 773.518 159.482 773.695 159.18C773.872 158.878 773.961 158.557 773.961 158.219C773.961 157.833 773.831 157.456 773.57 157.086C773.211 156.576 772.555 155.961 771.602 155.242C770.643 154.518 770.047 153.995 769.812 153.672C769.406 153.13 769.203 152.544 769.203 151.914C769.203 151.414 769.323 150.958 769.562 150.547C769.802 150.135 770.138 149.812 770.57 149.578C771.008 149.339 771.482 149.219 771.992 149.219C772.534 149.219 773.039 149.354 773.508 149.625C773.982 149.891 774.482 150.383 775.008 151.102L774.07 151.812C773.638 151.24 773.268 150.862 772.961 150.68C772.659 150.497 772.328 150.406 771.969 150.406C771.505 150.406 771.125 150.547 770.828 150.828C770.536 151.109 770.391 151.456 770.391 151.867C770.391 152.117 770.443 152.359 770.547 152.594C770.651 152.828 770.841 153.083 771.117 153.359C771.268 153.505 771.763 153.888 772.602 154.508C773.596 155.242 774.279 155.896 774.648 156.469C775.018 157.042 775.203 157.617 775.203 158.195C775.203 159.029 774.885 159.753 774.25 160.367C773.62 160.982 772.852 161.289 771.945 161.289C771.247 161.289 770.615 161.104 770.047 160.734C769.479 160.359 768.956 159.734 768.477 158.859ZM783.477 152.281C784.784 152.281 785.867 152.755 786.727 153.703C787.508 154.568 787.898 155.591 787.898 156.773C787.898 157.961 787.484 159 786.656 159.891C785.833 160.776 784.773 161.219 783.477 161.219C782.174 161.219 781.109 160.776 780.281 159.891C779.458 159 779.047 157.961 779.047 156.773C779.047 155.596 779.438 154.576 780.219 153.711C781.078 152.758 782.164 152.281 783.477 152.281ZM783.477 153.352C782.57 153.352 781.792 153.688 781.141 154.359C780.49 155.031 780.164 155.844 780.164 156.797C780.164 157.411 780.312 157.984 780.609 158.516C780.906 159.047 781.307 159.458 781.812 159.75C782.318 160.036 782.872 160.18 783.477 160.18C784.081 160.18 784.635 160.036 785.141 159.75C785.646 159.458 786.047 159.047 786.344 158.516C786.641 157.984 786.789 157.411 786.789 156.797C786.789 155.844 786.461 155.031 785.805 154.359C785.154 153.688 784.378 153.352 783.477 153.352ZM791.797 152.5H792.898V156.469C792.898 157.438 792.951 158.104 793.055 158.469C793.211 158.99 793.508 159.401 793.945 159.703C794.388 160.005 794.914 160.156 795.523 160.156C796.133 160.156 796.648 160.01 797.07 159.719C797.497 159.422 797.792 159.034 797.953 158.555C798.062 158.227 798.117 157.531 798.117 156.469V152.5H799.234V156.672C799.234 157.844 799.096 158.727 798.82 159.32C798.549 159.914 798.138 160.38 797.586 160.719C797.039 161.052 796.352 161.219 795.523 161.219C794.695 161.219 794.003 161.052 793.445 160.719C792.893 160.38 792.479 159.911 792.203 159.312C791.932 158.708 791.797 157.802 791.797 156.594V152.5ZM803.508 149.219H804.602V161H803.508V149.219Z" fill="#F5F0EA"/>
<path d="M423.561 188.143H438.379V190.691H426.145V198.777H438.273V201.309H426.145V211.451H438.273V214H423.561V188.143ZM440.26 194.875H443.213L448.275 201.959L453.338 194.875H456.291L449.752 203.963L457.117 214H454.129L448.275 205.967L442.51 214H439.574L446.816 203.963L440.26 194.875ZM459.771 194.875H462.215V198.391C463.188 197.055 464.307 196.053 465.572 195.385C466.838 194.717 468.25 194.383 469.809 194.383C472.527 194.383 474.854 195.361 476.787 197.318C478.721 199.275 479.688 201.631 479.688 204.385C479.688 207.197 478.727 209.588 476.805 211.557C474.895 213.514 472.586 214.492 469.879 214.492C468.355 214.492 466.955 214.176 465.678 213.543C464.4 212.91 463.246 211.967 462.215 210.713V220.996H459.771V194.875ZM469.615 196.756C467.482 196.756 465.684 197.5 464.219 198.988C462.766 200.477 462.039 202.328 462.039 204.543C462.039 205.996 462.361 207.303 463.006 208.463C463.662 209.623 464.594 210.543 465.801 211.223C467.02 211.902 468.303 212.242 469.65 212.242C470.975 212.242 472.217 211.902 473.377 211.223C474.549 210.531 475.48 209.57 476.172 208.34C476.863 207.109 477.209 205.82 477.209 204.473C477.209 203.113 476.863 201.824 476.172 200.605C475.492 199.387 474.572 198.443 473.412 197.775C472.252 197.096 470.986 196.756 469.615 196.756ZM483.941 187.492H486.402V214H483.941V187.492ZM500.57 194.383C503.512 194.383 505.949 195.449 507.883 197.582C509.641 199.527 510.52 201.83 510.52 204.49C510.52 207.162 509.588 209.5 507.725 211.504C505.873 213.496 503.488 214.492 500.57 214.492C497.641 214.492 495.244 213.496 493.381 211.504C491.529 209.5 490.604 207.162 490.604 204.49C490.604 201.842 491.482 199.545 493.24 197.6C495.174 195.455 497.617 194.383 500.57 194.383ZM500.57 196.791C498.531 196.791 496.779 197.547 495.314 199.059C493.85 200.57 493.117 202.398 493.117 204.543C493.117 205.926 493.451 207.215 494.119 208.41C494.787 209.605 495.689 210.531 496.826 211.188C497.963 211.832 499.211 212.154 500.57 212.154C501.93 212.154 503.178 211.832 504.314 211.188C505.451 210.531 506.354 209.605 507.021 208.41C507.689 207.215 508.023 205.926 508.023 204.543C508.023 202.398 507.285 200.57 505.809 199.059C504.344 197.547 502.598 196.791 500.57 196.791ZM514.176 194.875H516.689V197.67C517.439 196.568 518.23 195.748 519.062 195.209C519.895 194.658 520.762 194.383 521.664 194.383C522.344 194.383 523.07 194.6 523.844 195.033L522.561 197.107C522.045 196.885 521.611 196.773 521.26 196.773C520.439 196.773 519.648 197.113 518.887 197.793C518.125 198.461 517.545 199.504 517.146 200.922C516.842 202.012 516.689 204.215 516.689 207.531V214H514.176V194.875ZM542.037 207.654L544.111 208.744C543.432 210.08 542.646 211.158 541.756 211.979C540.865 212.799 539.863 213.426 538.75 213.859C537.637 214.281 536.377 214.492 534.971 214.492C531.854 214.492 529.416 213.473 527.658 211.434C525.9 209.383 525.021 207.068 525.021 204.49C525.021 202.064 525.766 199.902 527.254 198.004C529.141 195.59 531.666 194.383 534.83 194.383C538.088 194.383 540.689 195.619 542.635 198.092C544.018 199.838 544.721 202.018 544.744 204.631H527.553C527.6 206.857 528.309 208.686 529.68 210.115C531.051 211.533 532.744 212.242 534.76 212.242C535.732 212.242 536.676 212.072 537.59 211.732C538.516 211.393 539.301 210.941 539.945 210.379C540.59 209.816 541.287 208.908 542.037 207.654ZM542.037 202.504C541.709 201.191 541.229 200.143 540.596 199.357C539.975 198.572 539.148 197.939 538.117 197.459C537.086 196.979 536.002 196.738 534.865 196.738C532.99 196.738 531.379 197.342 530.031 198.549C529.047 199.428 528.303 200.746 527.799 202.504H542.037ZM557.699 188.143H560.688L567.297 198.795L573.801 188.143H576.789L568.598 201.643V214H566.049V201.643L557.699 188.143ZM589.691 194.383C592.633 194.383 595.07 195.449 597.004 197.582C598.762 199.527 599.641 201.83 599.641 204.49C599.641 207.162 598.709 209.5 596.846 211.504C594.994 213.496 592.609 214.492 589.691 214.492C586.762 214.492 584.365 213.496 582.502 211.504C580.65 209.5 579.725 207.162 579.725 204.49C579.725 201.842 580.604 199.545 582.361 197.6C584.295 195.455 586.738 194.383 589.691 194.383ZM589.691 196.791C587.652 196.791 585.9 197.547 584.436 199.059C582.971 200.57 582.238 202.398 582.238 204.543C582.238 205.926 582.572 207.215 583.24 208.41C583.908 209.605 584.811 210.531 585.947 211.188C587.084 211.832 588.332 212.154 589.691 212.154C591.051 212.154 592.299 211.832 593.436 211.188C594.572 210.531 595.475 209.605 596.143 208.41C596.811 207.215 597.145 205.926 597.145 204.543C597.145 202.398 596.406 200.57 594.93 199.059C593.465 197.547 591.719 196.791 589.691 196.791ZM603.912 194.875H606.391V203.805C606.391 205.984 606.508 207.484 606.742 208.305C607.094 209.477 607.762 210.402 608.746 211.082C609.742 211.762 610.926 212.102 612.297 212.102C613.668 212.102 614.828 211.773 615.777 211.117C616.738 210.449 617.4 209.576 617.764 208.498C618.01 207.76 618.133 206.195 618.133 203.805V194.875H620.646V204.262C620.646 206.898 620.336 208.885 619.715 210.221C619.105 211.557 618.18 212.605 616.938 213.367C615.707 214.117 614.16 214.492 612.297 214.492C610.434 214.492 608.875 214.117 607.621 213.367C606.379 212.605 605.447 211.551 604.826 210.203C604.217 208.844 603.912 206.805 603.912 204.086V194.875ZM625.199 194.875H627.713V197.67C628.463 196.568 629.254 195.748 630.086 195.209C630.918 194.658 631.785 194.383 632.688 194.383C633.367 194.383 634.094 194.6 634.867 195.033L633.584 197.107C633.068 196.885 632.635 196.773 632.283 196.773C631.463 196.773 630.672 197.113 629.91 197.793C629.148 198.461 628.568 199.504 628.17 200.922C627.865 202.012 627.713 204.215 627.713 207.531V214H625.199V194.875ZM645.889 188.143H648.543L653.799 206.775L661.217 188.143H661.744L669.074 206.775L674.436 188.143H677.072L669.654 214H669.162L661.498 194.436L653.676 214H653.184L645.889 188.143ZM697.604 207.654L699.678 208.744C698.998 210.08 698.213 211.158 697.322 211.979C696.432 212.799 695.43 213.426 694.316 213.859C693.203 214.281 691.943 214.492 690.537 214.492C687.42 214.492 684.982 213.473 683.225 211.434C681.467 209.383 680.588 207.068 680.588 204.49C680.588 202.064 681.332 199.902 682.82 198.004C684.707 195.59 687.232 194.383 690.396 194.383C693.654 194.383 696.256 195.619 698.201 198.092C699.584 199.838 700.287 202.018 700.311 204.631H683.119C683.166 206.857 683.875 208.686 685.246 210.115C686.617 211.533 688.311 212.242 690.326 212.242C691.299 212.242 692.242 212.072 693.156 211.732C694.082 211.393 694.867 210.941 695.512 210.379C696.156 209.816 696.854 208.908 697.604 207.654ZM697.604 202.504C697.275 201.191 696.795 200.143 696.162 199.357C695.541 198.572 694.715 197.939 693.684 197.459C692.652 196.979 691.568 196.738 690.432 196.738C688.557 196.738 686.945 197.342 685.598 198.549C684.613 199.428 683.869 200.746 683.365 202.504H697.604ZM704.547 187.492H707.008V214H704.547V187.492ZM711.754 187.492H714.215V214H711.754V187.492ZM719.488 214V187.492H721.932V198.162C722.963 196.896 724.117 195.953 725.395 195.332C726.672 194.699 728.072 194.383 729.596 194.383C732.303 194.383 734.611 195.367 736.521 197.336C738.443 199.293 739.404 201.672 739.404 204.473C739.404 207.238 738.438 209.6 736.504 211.557C734.57 213.514 732.244 214.492 729.525 214.492C727.967 214.492 726.555 214.158 725.289 213.49C724.023 212.822 722.904 211.82 721.932 210.484V214H719.488ZM729.332 212.119C730.703 212.119 731.969 211.785 733.129 211.117C734.289 210.438 735.209 209.488 735.889 208.27C736.58 207.051 736.926 205.762 736.926 204.402C736.926 203.043 736.58 201.748 735.889 200.518C735.197 199.287 734.266 198.332 733.094 197.652C731.934 196.961 730.691 196.615 729.367 196.615C728.02 196.615 726.736 196.961 725.518 197.652C724.311 198.332 723.379 199.252 722.723 200.412C722.078 201.572 721.756 202.879 721.756 204.332C721.756 206.547 722.482 208.398 723.936 209.887C725.4 211.375 727.199 212.119 729.332 212.119ZM760.006 207.654L762.08 208.744C761.4 210.08 760.615 211.158 759.725 211.979C758.834 212.799 757.832 213.426 756.719 213.859C755.605 214.281 754.346 214.492 752.939 214.492C749.822 214.492 747.385 213.473 745.627 211.434C743.869 209.383 742.99 207.068 742.99 204.49C742.99 202.064 743.734 199.902 745.223 198.004C747.109 195.59 749.635 194.383 752.799 194.383C756.057 194.383 758.658 195.619 760.604 198.092C761.986 199.838 762.689 202.018 762.713 204.631H745.521C745.568 206.857 746.277 208.686 747.648 210.115C749.02 211.533 750.713 212.242 752.729 212.242C753.701 212.242 754.645 212.072 755.559 211.732C756.484 211.393 757.27 210.941 757.914 210.379C758.559 209.816 759.256 208.908 760.006 207.654ZM760.006 202.504C759.678 201.191 759.197 200.143 758.564 199.357C757.943 198.572 757.117 197.939 756.086 197.459C755.055 196.979 753.971 196.738 752.834 196.738C750.959 196.738 749.348 197.342 748 198.549C747.016 199.428 746.271 200.746 745.768 202.504H760.006ZM768.18 187C768.742 187 769.223 187.199 769.621 187.598C770.02 187.996 770.219 188.477 770.219 189.039C770.219 189.59 770.02 190.064 769.621 190.463C769.223 190.861 768.742 191.061 768.18 191.061C767.629 191.061 767.154 190.861 766.756 190.463C766.357 190.064 766.158 189.59 766.158 189.039C766.158 188.477 766.357 187.996 766.756 187.598C767.154 187.199 767.629 187 768.18 187ZM766.949 194.875H769.428V214H766.949V194.875ZM774.525 194.875H776.986V198.303C777.971 196.99 779.061 196.012 780.256 195.367C781.451 194.711 782.752 194.383 784.158 194.383C785.588 194.383 786.854 194.746 787.955 195.473C789.068 196.199 789.889 197.178 790.416 198.408C790.943 199.639 791.207 201.555 791.207 204.156V214H788.764V204.877C788.764 202.674 788.67 201.203 788.482 200.465C788.189 199.199 787.639 198.25 786.83 197.617C786.021 196.973 784.967 196.65 783.666 196.65C782.178 196.65 780.842 197.143 779.658 198.127C778.486 199.111 777.713 200.33 777.338 201.783C777.104 202.732 776.986 204.467 776.986 206.986V214H774.525V194.875ZM812.969 194.875H815.447V210.115C815.447 212.799 815.213 214.762 814.744 216.004C814.1 217.762 812.98 219.115 811.387 220.064C809.793 221.014 807.877 221.488 805.639 221.488C803.998 221.488 802.521 221.254 801.209 220.785C799.908 220.328 798.848 219.707 798.027 218.922C797.207 218.148 796.451 217.012 795.76 215.512H798.432C799.158 216.777 800.096 217.715 801.244 218.324C802.393 218.934 803.816 219.238 805.516 219.238C807.191 219.238 808.604 218.922 809.752 218.289C810.912 217.668 811.738 216.883 812.23 215.934C812.723 214.984 812.969 213.455 812.969 211.346V210.361C812.043 211.533 810.912 212.436 809.576 213.068C808.24 213.689 806.822 214 805.322 214C803.564 214 801.912 213.566 800.365 212.699C798.818 211.82 797.623 210.643 796.779 209.166C795.936 207.689 795.514 206.066 795.514 204.297C795.514 202.527 795.953 200.881 796.832 199.357C797.711 197.822 798.924 196.609 800.471 195.719C802.029 194.828 803.67 194.383 805.393 194.383C806.822 194.383 808.152 194.682 809.383 195.279C810.625 195.865 811.82 196.838 812.969 198.197V194.875ZM805.709 196.756C804.314 196.756 803.02 197.096 801.824 197.775C800.629 198.443 799.691 199.375 799.012 200.57C798.332 201.754 797.992 203.037 797.992 204.42C797.992 206.518 798.695 208.252 800.102 209.623C801.508 210.994 803.33 211.68 805.568 211.68C807.83 211.68 809.646 211 811.018 209.641C812.4 208.281 813.092 206.494 813.092 204.279C813.092 202.838 812.775 201.555 812.143 200.43C811.51 199.293 810.613 198.396 809.453 197.74C808.293 197.084 807.045 196.756 805.709 196.756ZM841.674 188.143L853.732 214H850.955L846.895 205.492H835.75L831.707 214H828.824L841.041 188.143H841.674ZM841.357 193.627L836.91 202.996H845.752L841.357 193.627ZM866.969 196.967L865.387 198.602C864.074 197.324 862.791 196.686 861.537 196.686C860.74 196.686 860.055 196.949 859.48 197.477C858.918 198.004 858.637 198.619 858.637 199.322C858.637 199.943 858.871 200.535 859.34 201.098C859.809 201.672 860.793 202.346 862.293 203.119C864.121 204.068 865.363 204.982 866.02 205.861C866.664 206.752 866.986 207.754 866.986 208.867C866.986 210.438 866.436 211.768 865.334 212.857C864.232 213.947 862.855 214.492 861.203 214.492C860.102 214.492 859.047 214.252 858.039 213.771C857.043 213.291 856.217 212.629 855.561 211.785L857.107 210.027C858.361 211.445 859.691 212.154 861.098 212.154C862.082 212.154 862.92 211.838 863.611 211.205C864.303 210.572 864.648 209.828 864.648 208.973C864.648 208.27 864.42 207.643 863.963 207.092C863.506 206.553 862.475 205.873 860.869 205.053C859.146 204.162 857.975 203.283 857.354 202.416C856.732 201.549 856.422 200.559 856.422 199.445C856.422 197.992 856.914 196.785 857.898 195.824C858.895 194.863 860.148 194.383 861.66 194.383C863.418 194.383 865.188 195.244 866.969 196.967Z" fill="#F5F0EA"/>
<path d="M896.875 210.211C896.938 210.305 896.906 210.422 896.781 210.562C896.266 211.094 895.273 211.68 893.805 212.32C892.336 212.961 891.281 213.281 890.641 213.281C890.344 213.281 890.195 213.125 890.195 212.812C890.195 210.75 890.391 208.43 890.781 205.852C890.828 205.508 890.789 205.336 890.664 205.336C890.555 205.336 890.445 205.477 890.336 205.758C889.664 207.477 888.656 209.062 887.312 210.516C886.375 211.531 885.727 212.172 885.367 212.438C884.617 213 883.812 213.281 882.953 213.281C881.594 213.281 880.492 212.578 879.648 211.172C878.805 209.766 878.383 207.844 878.383 205.406C878.383 201.484 879.742 198.031 882.461 195.047C884.648 192.641 887.211 191.438 890.148 191.438C891.195 191.438 892.188 191.57 893.125 191.836C893.484 191.93 893.727 191.836 893.852 191.555C894.086 190.945 894.227 190.398 894.273 189.914C894.32 189.695 894.453 189.586 894.672 189.586H896.289C896.398 189.586 896.469 189.594 896.5 189.609C896.547 189.641 896.539 189.727 896.477 189.867C895.852 191.445 895.375 193.094 895.047 194.812C894.516 197.688 894.117 200.227 893.852 202.43C893.43 205.914 893.219 208.656 893.219 210.656C893.219 210.922 893.32 211.047 893.523 211.031C894.211 211 895.133 210.602 896.289 209.836C896.414 209.758 896.516 209.758 896.594 209.836C896.719 209.961 896.812 210.086 896.875 210.211ZM892.445 193.359C892.492 193.062 892.32 192.859 891.93 192.75C891.477 192.625 890.898 192.562 890.195 192.562C888.445 192.562 886.688 193.438 884.922 195.188C882.578 197.531 881.406 200.766 881.406 204.891C881.406 206.75 881.719 208.18 882.344 209.18C882.875 210.07 883.539 210.516 884.336 210.516C885.148 210.516 886.023 210.055 886.961 209.133C887.914 208.195 888.734 206.969 889.422 205.453C890.203 203.766 890.961 201.148 891.695 197.602C892.07 195.742 892.32 194.328 892.445 193.359ZM945.391 181.406C945.328 181.609 945.297 181.883 945.297 182.227C945.234 182.383 945.164 182.461 945.086 182.461H944.336C944.055 182.461 943.812 182.578 943.609 182.812C941.391 186.812 938.922 191.242 936.203 196.102C933.953 200.383 931.094 205.805 927.625 212.367C927.234 213.102 926.898 213.469 926.617 213.469C926.336 213.469 926.141 213.203 926.031 212.672C924.984 207.141 924.125 202.758 923.453 199.523C923.359 199.117 923.211 199.094 923.008 199.453L916 212.367C915.609 213.102 915.273 213.469 914.992 213.469C914.711 213.469 914.523 213.203 914.43 212.672C913.648 208.812 912.57 203.453 911.195 196.594C910.133 191.062 909.195 186.625 908.383 183.281C908.242 182.734 907.852 182.461 907.211 182.461H906.695C906.523 182.461 906.461 182.383 906.508 182.227C906.508 182.305 906.555 182.086 906.648 181.57C906.695 181.336 906.805 181.219 906.977 181.219H914.477C914.664 181.219 914.758 181.32 914.758 181.523C914.758 181.539 914.711 181.758 914.617 182.18C914.57 182.367 914.477 182.461 914.336 182.461H913.117C912.773 182.461 912.555 182.609 912.461 182.906C912.367 183.172 912.367 183.586 912.461 184.148C912.961 186.867 913.633 190.547 914.477 195.188C915.055 198.484 915.789 202.469 916.68 207.141C916.742 207.438 916.836 207.586 916.961 207.586C917.086 207.586 917.219 207.453 917.359 207.188C918.453 205.172 920.242 201.875 922.727 197.297C922.867 197.047 922.914 196.812 922.867 196.594C921.586 190.094 920.656 185.656 920.078 183.281C919.953 182.734 919.57 182.461 918.93 182.461H917.875C917.703 182.461 917.641 182.383 917.688 182.227C917.688 182.305 917.734 182.086 917.828 181.57C917.875 181.336 917.984 181.219 918.156 181.219H926.289C926.477 181.219 926.57 181.32 926.57 181.523C926.57 181.539 926.523 181.758 926.43 182.18C926.383 182.367 926.281 182.461 926.125 182.461H924.836C924.492 182.461 924.266 182.609 924.156 182.906C924.062 183.172 924.062 183.586 924.156 184.148C924.469 185.93 925.125 189.609 926.125 195.188L928.305 207.141C928.367 207.438 928.461 207.586 928.586 207.586C928.711 207.586 928.836 207.453 928.961 207.188C930.555 204.109 932.75 199.852 935.547 194.414L939.672 186.562C940.328 185.188 940.727 184.125 940.867 183.375C940.992 182.766 940.82 182.461 940.352 182.461H937.562C937.328 182.461 937.234 182.383 937.281 182.227C937.281 182.039 937.312 181.781 937.375 181.453C937.375 181.297 937.438 181.219 937.562 181.219H945.133C945.305 181.219 945.391 181.281 945.391 181.406ZM962.805 210.562C962.852 210.641 962.836 210.703 962.758 210.75C962.008 211.422 960.977 212.016 959.664 212.531C958.352 213.031 957.227 213.281 956.289 213.281C955.93 213.281 955.75 212.977 955.75 212.367C955.75 211.414 956.039 209.305 956.617 206.039C957.32 202.039 957.672 198.875 957.672 196.547C957.672 195.094 957.211 194.367 956.289 194.367C954.82 194.367 953.312 195.68 951.766 198.305C950.5 200.492 949.609 202.75 949.094 205.078C948.75 206.625 948.398 209.109 948.039 212.531C947.992 212.844 947.844 213 947.594 213H945.344C945.078 213 944.969 212.859 945.016 212.578C945.281 210.594 945.742 207.328 946.398 202.781C947.039 198.312 947.906 192.297 949 184.734C949.25 182.953 949.375 181.32 949.375 179.836C949.375 179.57 949.25 179.438 949 179.438C948.531 179.438 947.539 179.648 946.023 180.07C945.898 180.102 945.781 180.039 945.672 179.883C945.641 179.789 945.594 179.641 945.531 179.438C945.469 179.266 945.531 179.141 945.719 179.062C946.359 178.812 947.523 178.461 949.211 178.008C951.086 177.492 952.258 177.234 952.727 177.234C953.117 177.234 953.281 177.43 953.219 177.82C952.703 180.789 952 184.977 951.109 190.383L949.656 199.523C949.625 199.727 949.617 199.875 949.633 199.969C949.648 200.047 949.688 200.055 949.75 199.992C949.812 199.914 949.898 199.758 950.008 199.523C950.961 197.305 952.125 195.414 953.5 193.852C955.078 192.055 956.57 191.156 957.977 191.156C959.758 191.156 960.648 192.711 960.648 195.82C960.648 197.383 960.281 200.516 959.547 205.219C959.203 207.469 959.031 209.359 959.031 210.891C959.031 211.203 959.141 211.359 959.359 211.359C960.203 211.359 961.195 210.945 962.336 210.117C962.398 210.055 962.461 210.062 962.523 210.141C962.586 210.219 962.68 210.359 962.805 210.562ZM982.164 199.406C982.164 201.594 981.602 203.742 980.477 205.852C979.477 207.758 978.164 209.391 976.539 210.75C974.508 212.438 972.586 213.281 970.773 213.281C968.742 213.281 967.133 212.484 965.945 210.891C964.945 209.547 964.445 207.688 964.445 205.312C964.445 201.516 966.031 197.984 969.203 194.719C971.5 192.344 973.82 191.156 976.164 191.156C978.133 191.156 979.625 191.867 980.641 193.289C981.656 194.695 982.164 196.734 982.164 199.406ZM978.695 199.898C978.695 197.273 978.312 195.445 977.547 194.414C976.828 193.461 975.852 192.984 974.617 192.984C973.398 192.984 972.266 193.461 971.219 194.414C970.094 195.445 969.211 196.969 968.57 198.984C967.992 200.812 967.703 202.719 967.703 204.703C967.703 206.969 968.039 208.633 968.711 209.695C969.492 210.914 970.633 211.523 972.133 211.523C973.445 211.523 974.594 211.039 975.578 210.07C977.656 208.055 978.695 204.664 978.695 199.898ZM993.766 210.562C993.828 210.703 993.812 210.797 993.719 210.844C992.938 211.422 991.766 211.984 990.203 212.531C988.766 213.031 987.758 213.281 987.18 213.281C986.836 213.281 986.664 213.062 986.664 212.625C986.664 211.562 986.836 209.367 987.18 206.039C987.586 202.555 988.117 197.883 988.773 192.023C989.086 189.258 989.344 186.828 989.547 184.734C989.797 182.109 989.922 180.477 989.922 179.836C989.922 179.57 989.797 179.438 989.547 179.438C989 179.438 987.945 179.664 986.383 180.117C986.258 180.148 986.141 180.086 986.031 179.93C986 179.867 985.953 179.703 985.891 179.438C985.828 179.281 985.891 179.172 986.078 179.109C989.516 177.891 991.922 177.281 993.297 177.281C993.672 177.281 993.828 177.461 993.766 177.82C993.266 180.945 992.688 185.133 992.031 190.383C991.234 196.82 990.68 201.75 990.367 205.172C990.008 208.859 989.828 210.719 989.828 210.75C989.828 211.062 989.969 211.219 990.25 211.219C991.062 211.219 992.055 210.852 993.227 210.117C993.367 210.039 993.469 210.039 993.531 210.117C993.578 210.195 993.656 210.344 993.766 210.562ZM1011.84 193.523C1011.84 193.727 1011.61 194.008 1011.16 194.367C1008.23 196.789 1004.52 199.156 1000.02 201.469C999.758 201.578 999.594 201.773 999.531 202.055C999.438 202.508 999.391 203.211 999.391 204.164C999.391 206.211 999.867 207.789 1000.82 208.898C1001.66 209.867 1002.71 210.352 1003.96 210.352C1005.95 210.352 1007.93 209.477 1009.91 207.727C1010.02 207.617 1010.13 207.602 1010.24 207.68C1010.29 207.711 1010.38 207.82 1010.52 208.008C1010.6 208.148 1010.6 208.258 1010.52 208.336C1009.93 209.195 1009.04 210.031 1007.85 210.844C1005.48 212.469 1003.3 213.281 1001.31 213.281C999.953 213.281 998.812 212.516 997.891 210.984C996.875 209.297 996.367 207.008 996.367 204.117C996.367 200.242 997.82 196.883 1000.73 194.039C1002.7 192.117 1004.46 191.156 1006.02 191.156C1008.26 191.156 1009.48 191.961 1009.7 193.57C1009.75 193.82 1009.9 193.945 1010.15 193.945C1010.23 193.945 1010.44 193.766 1010.78 193.406C1011.14 193.031 1011.36 192.859 1011.44 192.891C1011.7 192.984 1011.84 193.195 1011.84 193.523ZM1006.89 195.773C1006.92 195.133 1006.71 194.57 1006.26 194.086C1005.8 193.602 1005.27 193.359 1004.66 193.359C1003.52 193.359 1002.57 193.75 1001.8 194.531C1000.9 195.422 1000.26 197.242 999.883 199.992C999.852 200.195 999.867 200.312 999.93 200.344C999.977 200.359 1000.07 200.336 1000.21 200.273C1002.66 199.102 1004.84 197.789 1006.73 196.336C1006.8 196.289 1006.86 196.102 1006.89 195.773ZM1016.24 211.312C1016.24 211.875 1016.04 212.352 1015.63 212.742C1015.24 213.133 1014.8 213.328 1014.32 213.328C1013.01 213.328 1012.35 212.656 1012.35 211.312C1012.35 209.812 1013.13 209.062 1014.7 209.062C1015.73 209.062 1016.24 209.812 1016.24 211.312Z" fill="#E0C58E"/>
<path d="M719.999 674.073C991.403 674.073 1237.04 725.895 1414.77 809.613C1592.62 893.387 1701.95 1008.82 1701.96 1135.82C1701.96 1262.83 1592.62 1378.26 1414.77 1462.04C1237.04 1545.75 991.402 1597.58 719.999 1597.58C448.596 1597.58 202.959 1545.75 25.2295 1462.04C-152.617 1378.26 -261.957 1262.83 -261.957 1135.82C-261.957 1008.82 -152.617 893.387 25.2295 809.613C202.959 725.895 448.596 674.073 719.999 674.073Z" stroke="#F5F0EA" stroke-width="3"/>
<path d="M720 601.9C1022.46 601.9 1296.22 658.019 1494.3 748.686C1692.52 839.414 1814.41 964.447 1814.41 1102.02C1814.41 1239.6 1692.52 1364.63 1494.3 1455.36C1296.22 1546.03 1022.46 1602.15 720 1602.15C417.538 1602.14 143.783 1546.03 -54.3008 1455.36C-252.516 1364.63 -374.41 1239.6 -374.41 1102.02C-374.41 964.447 -252.516 839.414 -54.3008 748.686C143.783 658.019 417.538 601.9 720 601.9Z" stroke="#F5F0EA" stroke-width="3"/>
<g filter="url(#filter0_d_134_3969)">
<g clip-path="url(#clip1_134_3969)">
<rect x="144.032" y="276" width="398" height="537" rx="21.9058" fill="white" fill-opacity="0.01" shape-rendering="crispEdges"/>
<rect width="398.287" height="536.687" transform="translate(144.032 276)" fill="url(#pattern0_134_3969)"/>
<rect x="144.032" y="276" width="398.287" height="536.687" fill="url(#paint0_linear_134_3969)"/>
<g opacity="0.95" clip-path="url(#clip2_134_3969)">
<g clip-path="url(#clip3_134_3969)">
<path d="M333.977 412.597C338.344 411.395 341.182 411.666 344.001 411.856C345.637 412.003 347.153 412.319 348.566 412.76C348.568 412.76 348.57 412.761 348.57 412.761C348.777 412.791 349.383 412.919 349.585 412.972C352.247 414.167 354.394 415.766 355.856 417.469C356.712 418.489 357.442 419.574 357.512 420.436C357.511 420.444 357.509 420.451 357.508 420.458C357.831 421.291 358.742 424.012 358.14 424.842C357.929 425.296 357.705 425.467 357.568 425.578C357.426 425.686 357.341 425.72 357.268 425.722C357.196 425.723 357.137 425.685 357.037 425.63C356.938 425.58 356.782 425.496 356.541 425.55C356.3 425.595 356.024 425.875 355.841 426.312C355.649 426.731 355.492 427.297 355.154 427.521C355.142 427.525 355.131 427.53 355.119 427.534C353.984 427.975 352.952 428.347 351.712 428.591C349.697 428.998 347.48 429.082 345.29 428.974L346.133 429.149H346.129C345.083 429.225 344.03 429.257 343.036 429.258C341.404 429.234 339.686 429.516 339.513 429.716L338.008 430.209C334.678 431.283 332.612 431.83 331.827 432.491C331.823 432.493 331.819 432.496 331.815 432.498C329.243 433.998 327.385 434.939 325.524 436.048C321.383 438.477 317.615 441.259 313.895 444.448C313.892 444.45 313.89 444.452 313.887 444.454C311.307 446.697 308.497 449.543 306.034 452.285C304.137 454.394 302.204 456.831 301.382 458.293C301.381 458.295 301.378 458.297 301.377 458.299C299.73 461.235 298.308 463.869 297.122 466.544C296.883 467.08 296.655 467.617 296.436 468.154C296.115 469.396 295.848 470.624 295.637 471.811C295.635 471.823 295.633 471.834 295.631 471.846C294.457 476.713 293.989 478.972 293.795 481.057C293.567 483.301 293.27 484.925 293.079 486.458C292.954 487.505 292.895 488.478 293.049 489.455C293.074 489.607 293.103 489.777 293.139 489.966C293.142 489.986 293.145 490.006 293.148 490.026C293.241 490.533 293.359 491.129 293.499 491.782C294.061 494.454 295.046 497.998 296.296 500.436C296.3 500.444 296.305 500.452 296.309 500.461C297.054 501.94 298.041 503.665 299.083 505.544C300.068 507.336 301.252 509.507 302.467 512.101C302.47 512.106 302.472 512.112 302.475 512.119C302.894 513.086 303.222 513.879 303.594 514.668C305.151 518.091 307.429 520.927 309.047 522.014C309.051 522.017 309.054 522.02 309.058 522.022C309.113 522.06 309.166 522.097 309.219 522.133C312.459 524.275 315.825 527.071 318.242 528.384C318.34 528.438 318.437 528.49 318.53 528.539C318.532 528.541 318.534 528.542 318.536 528.543C320.501 529.534 323.965 530.422 325.599 530.367C327.814 530.33 329.607 530.801 332.365 531.425C333.446 531.667 334.674 531.929 336.134 532.173C336.15 532.176 336.167 532.178 336.184 532.181C337.323 532.369 338.572 532.574 339.928 532.754C343.579 533.252 345.801 533.589 347.532 533.598C347.532 533.598 347.535 533.598 347.537 533.598C347.555 533.598 347.573 533.598 347.59 533.598C350.954 533.434 353.529 533.336 356.928 532.277C360.787 531.1 363.846 529.842 366.539 528.587C367.058 528.354 367.612 528.066 368.179 527.74C368.207 527.724 368.236 527.707 368.264 527.692C369.1 527.207 369.94 526.699 370.818 526.163C372.9 524.893 375.059 523.546 377.083 522.459C378.749 521.563 380.23 521.014 381.515 520.507C381.916 520.349 382.297 520.194 382.659 520.034C383.818 519.174 384.917 518.291 385.854 517.403C385.967 517.216 386.078 517.019 386.185 516.817C386.276 516.647 386.361 516.477 386.446 516.3C386.464 516.262 386.482 516.225 386.5 516.188C387.034 515.186 387.634 514.042 388.404 512.77C389.707 510.616 391.02 508.702 392.605 506.515C392.641 506.466 392.676 506.416 392.712 506.367C392.934 506.062 393.154 505.765 393.37 505.472C394.753 503.599 396.01 501.863 396.682 499.802C396.907 499.106 397.068 498.364 397.151 497.6C397.156 497.557 397.16 497.513 397.164 497.469C397.278 496.498 397.369 495.504 397.441 494.519C397.675 491.434 397.676 488.482 397.811 486.568C397.866 485.849 398.079 485.244 398.271 484.651C398.272 484.649 398.273 484.647 398.275 484.644C398.288 484.604 398.301 484.563 398.313 484.523C398.198 483.416 397.957 482.338 397.736 481.887C397.726 481.867 397.717 481.848 397.707 481.831C396.318 478.348 395.593 475.634 394.698 474.618C394.683 474.598 394.666 474.578 394.65 474.559C394.226 474.04 393.778 473.511 393.319 472.984C393.007 472.685 392.688 472.383 392.369 472.085C390.813 470.624 389.194 469.284 387.991 468.654C387.961 468.637 387.929 468.619 387.896 468.602C387.844 468.573 387.789 468.542 387.732 468.509C385.816 467.238 383.25 464.788 380.436 462.715C378.485 461.261 376.453 460.04 374.788 459.352C373.817 458.947 373.045 458.356 372.212 457.806C371.859 457.575 371.497 457.352 371.113 457.162C371.094 457.153 371.074 457.142 371.054 457.133C370.463 456.877 369.843 456.648 369.179 456.475C368.541 456.311 367.84 456.19 367.098 456.066C366.445 455.957 365.756 455.847 365.049 455.707C364.393 455.579 362.968 455.079 361.174 454.594C360.067 454.296 358.812 454.009 357.57 453.853C356.821 453.83 356.106 453.849 355.474 453.922C355.445 453.925 355.418 453.928 355.391 453.931C352.194 454.266 349.318 454.534 346.768 455.085C346.097 455.369 345.564 455.701 345.193 456.069C344.926 456.333 344.729 456.624 344.542 456.923C344.289 457.33 344.049 457.749 343.716 458.152C343.455 458.466 343.134 458.69 342.869 458.72C342.746 458.734 342.633 458.704 342.53 458.679C342.518 458.677 342.507 458.675 342.496 458.671C342.467 458.665 342.438 458.659 342.411 458.655C342.302 458.662 342.198 458.681 342.097 458.734C341.986 458.79 341.895 458.897 341.782 459.028C341.6 459.238 341.368 459.508 340.931 459.735C339.306 460.582 337.555 461.465 336.119 462.329C334.508 463.29 333.312 464.23 332.542 465.093C332.053 465.639 331.443 466.274 330.798 467.083C330.78 467.106 330.763 467.129 330.745 467.151C330.311 467.686 329.819 468.394 329.362 469.172C328.598 470.464 327.939 471.94 327.562 473.197C327.187 474.428 327.099 475.751 327.187 476.721C327.212 477.001 327.25 477.249 327.292 477.448C327.296 477.468 327.3 477.487 327.304 477.506C327.481 478.739 327.664 479.752 327.716 480.628C327.729 480.871 327.576 481.204 327.401 481.636C327.277 481.942 327.143 482.299 327.055 482.702C327.29 483.424 327.571 484.13 327.903 484.841C327.92 484.878 327.938 484.916 327.956 484.954C328.398 485.88 328.837 486.787 329.274 487.655C329.333 487.703 329.394 487.755 329.456 487.805L329.46 487.807C330.853 488.923 332.717 490.378 333.51 492.185C333.719 492.647 333.723 493.029 333.75 493.389C333.777 493.739 333.818 494.058 334.069 494.302C334.26 494.485 334.538 494.608 334.867 494.701C334.904 494.711 334.942 494.722 334.98 494.731C335.221 494.828 335.464 494.921 335.705 495.013C337.008 495.515 338.223 495.928 338.8 496.424C338.84 496.459 338.883 496.495 338.924 496.532C339.253 496.806 339.488 497.06 339.749 497.397C339.764 497.414 339.779 497.432 339.794 497.45C340.1 497.542 340.395 497.644 340.678 497.754C342.279 497.933 343.492 498.048 343.951 498.032C344.192 498.03 344.261 498.033 344.354 498.031C344.442 498.025 344.582 497.99 344.812 497.841C344.823 497.835 344.835 497.826 344.846 497.819C346.121 496.816 347.276 495.952 348.3 495.107C350.084 493.659 351.381 492.247 351.876 491.247C351.88 491.238 351.884 491.23 351.888 491.221C353.188 487.755 354.716 483.986 354.324 482.51C354.323 482.505 354.321 482.499 354.32 482.493C353.937 481.468 353.555 480.47 353.161 479.504C352.187 476.969 350.974 474.636 350.737 474.293L350.734 474.292C350.164 473.973 349.65 473.712 349.236 473.531C348.82 473.35 348.552